0.761900000000006 -0.288400000000003 0.629900000000001 -0.296500000000003 -0.514900000000001 -0.292000000000003
-0.288400000000003 0.505399999999995 -0.283600000000003 0.176 -0.546400000000001 0.436999999999996
0.629900000000001 -0.283600000000003 0.742700000000005 -0.291700000000003 -0.510100000000001 -0.287200000000003
-0.296500000000003 0.176 -0.291700000000003 0.794300000000007 -0.5545 0.1724
-0.514900000000001 -0.546400000000001 -0.510100000000001 -0.5545 2.6759 -0.550000000000001
-0.292000000000003 0.436999999999996 -0.287200000000003 0.1724 -0.550000000000001 0.519799999999995
