0.334799999999995 0.141600000000001 0.134000000000001 -0.668799999999999 -0.226000000000002 0.284399999999996
0.141600000000001 0.473999999999994 0.135200000000001 -0.667599999999999 -0.224800000000002 0.141600000000001
0.134000000000001 0.135200000000001 0.488399999999994 -0.6672 -0.224400000000002 0.134000000000001
-0.668799999999999 -0.667599999999999 -0.6672 3.06959999999999 -0.397200000000001 -0.668799999999999
-0.226000000000002 -0.224800000000002 -0.224400000000002 -0.397200000000001 1.29840000000002 -0.226000000000002
0.284399999999996 0.141600000000001 0.134000000000001 -0.668799999999999 -0.226000000000002 0.334799999999995
