0.751700000000004 -0.535600000000002 0.689300000000002 -0.468100000000001 0.1043 -0.541600000000002
-0.535600000000002 0.849500000000005 -0.540400000000002 -0.1063 -0.481900000000002 0.814700000000005
0.689300000000002 -0.540400000000002 0.770900000000004 -0.472900000000001 0.0995000000000004 -0.546400000000002
-0.468100000000001 -0.1063 -0.472900000000001 1.574 -0.4144 -0.1123
0.1043 -0.481900000000002 0.0995000000000004 -0.4144 1.18040000000001 -0.487900000000002
-0.541600000000002 0.814700000000005 -0.546400000000002 -0.1123 -0.487900000000002 0.873500000000006
