0.523399999999996 -0.452200000000002 -0.110199999999999 0.468199999999995 -0.297400000000003 -0.1318
-0.452200000000002 2.04890000000001 -0.429700000000002 -0.449800000000003 -0.265900000000001 -0.451300000000002
-0.110199999999999 -0.429700000000002 0.698900000000004 -0.107799999999999 -0.274900000000002 0.223699999999998
0.468199999999995 -0.449800000000003 -0.107799999999999 0.513799999999994 -0.295000000000003 -0.129399999999999
-0.297400000000003 -0.265900000000001 -0.274900000000002 -0.295000000000003 1.42970000000001 -0.296500000000003
-0.1318 -0.451300000000002 0.223699999999998 -0.129399999999999 -0.296500000000003 0.785300000000007
