1.01330000000001 -0.100299999999998 -0.109599999999998 -0.5971 -0.100299999999998 -0.105999999999998
-0.100299999999998 0.445699999999993 0.126800000000002 -0.738699999999998 0.136100000000001 0.130400000000002
-0.109599999999998 0.126800000000002 0.307399999999995 -0.747999999999998 0.162799999999999 0.260599999999996
-0.5971 -0.738699999999998 -0.747999999999998 3.56689999999999 -0.738699999999999 -0.744399999999998
-0.100299999999998 0.136100000000001 0.162799999999999 -0.738699999999999 0.373699999999994 0.166399999999999
-0.105999999999998 0.130400000000002 0.260599999999996 -0.744399999999998 0.166399999999999 0.292999999999995
