1.32530000000001 -0.237400000000001 -0.403300000000002 -0.411700000000002 -0.226600000000001 -0.0463
-0.237400000000001 0.769400000000005 -0.452200000000003 -0.460600000000003 0.629000000000001 -0.248200000000001
-0.403300000000002 -0.452200000000003 0.888500000000007 0.822500000000006 -0.441400000000003 -0.414100000000002
-0.411700000000002 -0.460600000000003 0.822500000000006 0.922100000000007 -0.449800000000003 -0.422500000000002
-0.226600000000001 0.629000000000001 -0.441400000000003 -0.449800000000003 0.726200000000004 -0.237400000000001
-0.0463 -0.248200000000001 -0.414100000000002 -0.422500000000002 -0.237400000000001 1.36850000000001
