0.556399999999999 -0.802299999999998 0.315499999999999 -0.783099999999998 0.323899999999999 0.389599999999999
-0.802299999999998 2.0177 -0.800199999999998 1.1657 -0.791799999999998 -0.789099999999998
0.315499999999999 -0.800199999999998 0.507499999999998 -0.780999999999998 0.429499999999998 0.328699999999998
-0.783099999999998 1.1657 -0.780999999999998 1.94090000000001 -0.772599999999998 -0.769899999999999
0.323899999999999 -0.791799999999998 0.429499999999998 -0.772599999999998 0.473899999999998 0.337099999999998
0.389599999999999 -0.789099999999998 0.328699999999998 -0.769899999999999 0.337099999999998 0.503599999999998
