0.496099999999997 0.404299999999997 -0.705399999999999 0.404299999999997 0.113300000000001 -0.712599999999999
0.404299999999997 0.479899999999997 -0.703599999999998 0.415099999999997 0.115100000000001 -0.710799999999999
-0.705399999999999 -0.703599999999998 1.80320000000001 -0.703599999999999 -0.6226 0.932000000000002
0.404299999999997 0.415099999999997 -0.703599999999999 0.479899999999997 0.115100000000001 -0.710799999999999
0.113300000000001 0.115100000000001 -0.6226 0.115100000000001 0.908900000000003 -0.6298
-0.712599999999999 -0.710799999999999 0.932000000000002 -0.710799999999999 -0.6298 1.83200000000001
