1.27200000000002 -0.376800000000001 -0.238000000000003 -0.222400000000002 -0.198000000000002 -0.236800000000003
-0.376800000000001 2.88479999999999 -0.641199999999999 -0.6256 -0.6012 -0.639999999999999
-0.238000000000003 -0.641199999999999 0.363599999999995 0.127200000000002 0.059600000000001 0.328799999999995
-0.222400000000002 -0.6256 0.127200000000002 0.517199999999994 0.0752000000000012 0.128400000000002
-0.198000000000002 -0.6012 0.059600000000001 0.0752000000000012 0.603600000000002 0.0608000000000009
-0.236800000000003 -0.639999999999999 0.328799999999995 0.128400000000002 0.0608000000000009 0.358799999999995
