1.01580000000001 -0.380800000000004 0.482999999999997 -0.377200000000004 -0.367200000000001 -0.373600000000003
-0.380800000000004 0.519299999999995 -0.388000000000003 0.465299999999996 -0.504700000000002 0.288899999999997
0.482999999999997 -0.388000000000003 1.04460000000001 -0.384400000000003 -0.374400000000001 -0.380800000000003
-0.377200000000004 0.465299999999996 -0.384400000000003 0.504899999999995 -0.501100000000002 0.292499999999997
-0.367200000000001 -0.504700000000002 -0.374400000000001 -0.501100000000002 2.2449 -0.497500000000001
-0.373600000000003 0.288899999999997 -0.380800000000003 0.292499999999997 -0.497500000000001 0.670500000000001
