0.807400000000002 0.5797 0.5797 -0.6226 -0.672699999999999 -0.671499999999999
0.5797 0.772300000000002 0.693100000000001 -0.6487 -0.698799999999998 -0.697599999999998
0.5797 0.693100000000001 0.772300000000003 -0.6487 -0.698799999999998 -0.697599999999998
-0.6226 -0.6487 -0.6487 1.681 0.1189 0.1201
-0.672699999999999 -0.698799999999998 -0.698799999999998 0.1189 0.985900000000005 0.965500000000005
-0.671499999999999 -0.697599999999998 -0.697599999999998 0.1201 0.965500000000005 0.981100000000005
