1.02890000000001 0.890900000000007 -0.399700000000002 -0.505600000000003 -0.507700000000003 -0.506800000000003
0.890900000000007 1.03370000000001 -0.400900000000002 -0.506800000000003 -0.508900000000003 -0.508000000000003
-0.399700000000002 -0.400900000000002 1.37660000000001 -0.190900000000001 -0.193000000000001 -0.192100000000001
-0.505600000000003 -0.506800000000003 -0.190900000000001 0.841700000000006 0.1691 0.192499999999999
-0.507700000000003 -0.508900000000003 -0.193000000000001 0.1691 0.872600000000006 0.1679
-0.506800000000003 -0.508000000000003 -0.192100000000001 0.192499999999999 0.1679 0.846500000000006
