0.564199999999998 -0.8338 0.0728000000000015 0.0662000000000013 0.0602000000000012 0.0704000000000014
-0.8338 4.19779999999999 -0.835599999999998 -0.842199999999998 -0.848199999999998 -0.837999999999998
0.0728000000000015 -0.835599999999998 0.301399999999995 0.109400000000002 0.103400000000002 0.248599999999996
0.0662000000000013 -0.842199999999998 0.109400000000002 0.300799999999995 0.258799999999995 0.107000000000002
0.0602000000000012 -0.848199999999998 0.103400000000002 0.258799999999995 0.324799999999994 0.101000000000002
0.0704000000000014 -0.837999999999998 0.248599999999996 0.107000000000002 0.101000000000002 0.310999999999995
