1.1765 -0.376300000000001 0.4301 -0.426400000000001 -0.376300000000001 -0.427600000000001
-0.376300000000001 0.873500000000003 -0.373900000000001 -0.483400000000002 0.844700000000003 -0.484600000000002
0.4301 -0.373900000000001 1.1669 -0.424000000000001 -0.373900000000001 -0.425200000000001
-0.426400000000001 -0.483400000000002 -0.424000000000001 0.952400000000004 -0.483400000000002 0.864800000000003
-0.376300000000001 0.844700000000003 -0.373900000000001 -0.483400000000002 0.873500000000003 -0.484600000000002
-0.427600000000001 -0.484600000000002 -0.425200000000001 0.864800000000003 -0.484600000000002 0.957200000000004
