0.369799999999995 -0.0495999999999995 0.332599999999995 -0.066399999999999 -0.699999999999999 0.113600000000002
-0.0495999999999995 0.623900000000002 -0.0507999999999993 0.1607 -0.652899999999999 -0.0313000000000004
0.332599999999995 -0.0507999999999993 0.374599999999994 -0.0675999999999989 -0.701199999999999 0.112400000000002
-0.066399999999999 0.1607 -0.0675999999999989 0.691100000000005 -0.6697 -0.0480999999999997
-0.699999999999999 -0.652899999999999 -0.701199999999999 -0.6697 3.40549999999999 -0.6817
0.113600000000002 -0.0313000000000004 0.112400000000002 -0.0480999999999997 -0.6817 0.535099999999996
