1.59730000000001 -0.810699999999998 -0.719899999999999 -0.813999999999998 1.5553 -0.807999999999998
-0.810699999999998 0.701500000000002 0.1643 0.374199999999999 -0.809499999999998 0.380199999999999
-0.719899999999999 0.1643 0.946300000000001 0.161 -0.7187 0.167
-0.813999999999998 0.374199999999999 0.161 0.5932 -0.812799999999998 0.498399999999999
1.5553 -0.809499999999998 -0.7187 -0.812799999999998 1.59250000000001 -0.806799999999998
-0.807999999999998 0.380199999999999 0.167 0.498399999999999 -0.806799999999998 0.5692
