0.777600000000004 -0.385000000000003 -0.5224 0.257399999999998 0.257399999999998 -0.385000000000003
-0.385000000000003 0.853800000000007 -0.376200000000001 -0.408400000000004 -0.408400000000004 0.724200000000005
-0.5224 -0.376200000000001 2.3664 -0.545800000000001 -0.545800000000001 -0.376200000000001
0.257399999999998 -0.408400000000004 -0.545800000000001 0.574199999999999 0.530999999999997 -0.408400000000004
0.257399999999998 -0.408400000000004 -0.545800000000001 0.530999999999997 0.574199999999998 -0.408400000000004
-0.385000000000003 0.724200000000005 -0.376200000000001 -0.408400000000004 -0.408400000000004 0.853800000000007
