0.277399999999996 -0.855699999999999 0.158899999999999 0.161299999999999 0.225799999999997 0.0322999999999999
-0.855699999999999 4.20499999999999 -0.863499999999998 -0.861099999999999 -0.864099999999999 -0.7606
0.158899999999999 -0.863499999999998 0.281599999999995 0.247999999999996 0.1505 0.0244999999999999
0.161299999999999 -0.861099999999999 0.247999999999996 0.271999999999996 0.1529 0.0269
0.225799999999997 -0.864099999999999 0.1505 0.1529 0.310999999999995 0.0238999999999996
0.0322999999999999 -0.7606 0.0244999999999999 0.0269 0.0238999999999996 0.653
