0.620600000000001 -0.0693999999999991 0.313399999999997 -0.330400000000002 -0.473200000000002 -0.0609999999999991
-0.0693999999999991 0.522199999999996 -0.0669999999999991 -0.332800000000002 -0.475600000000002 0.422599999999995
0.313399999999997 -0.0669999999999991 0.611 -0.328000000000002 -0.470800000000002 -0.0585999999999992
-0.330400000000002 -0.332800000000002 -0.328000000000002 1.59320000000001 -0.277600000000001 -0.324400000000002
-0.473200000000002 -0.475600000000002 -0.470800000000002 -0.277600000000001 2.16440000000001 -0.467200000000003
-0.0609999999999991 0.422599999999995 -0.0585999999999992 -0.324400000000002 -0.467200000000003 0.488599999999995
