0.448599999999994 -0.768199999999999 -0.0232000000000003 -0.0190000000000002 0.378999999999995 -0.0172000000000002
-0.768199999999999 3.86679999999999 -0.780999999999999 -0.7768 -0.765799999999999 -0.774999999999999
-0.0232000000000003 -0.780999999999999 0.395799999999994 0.164199999999999 -0.0208000000000004 0.264999999999996
-0.0190000000000002 -0.7768 0.164199999999999 0.477999999999994 -0.0166000000000003 0.170199999999999
0.378999999999995 -0.765799999999999 -0.0208000000000004 -0.0166000000000003 0.438999999999994 -0.0148000000000003
-0.0172000000000002 -0.774999999999999 0.264999999999996 0.170199999999999 -0.0148000000000003 0.371799999999995
