0.286899999999995 0.0839000000000012 0.219399999999996 0.0851000000000012 0.219399999999997 -0.8947
0.0839000000000012 0.342699999999994 0.0812000000000012 0.307899999999994 0.081200000000001 -0.8969
0.219399999999996 0.0812000000000012 0.275199999999996 0.0824000000000011 0.239199999999996 -0.8974
0.0851000000000012 0.307899999999994 0.0824000000000011 0.337899999999994 0.082400000000001 -0.8957
0.219399999999997 0.081200000000001 0.239199999999996 0.082400000000001 0.275199999999995 -0.8974
-0.8947 -0.8969 -0.8974 -0.8957 -0.8974 4.4821
