0.279399999999996 -0.938199999999999 0.176499999999998 0.1481 0.175299999999998 0.1589
-0.938199999999999 4.6618 -0.933099999999999 -0.933499999999999 -0.934299999999999 -0.922699999999999
0.176499999999998 -0.933099999999999 0.245499999999996 0.1532 0.193899999999997 0.163999999999999
0.1481 -0.933499999999999 0.1532 0.303099999999995 0.152 0.177099999999999
0.175299999999998 -0.934299999999999 0.193899999999997 0.152 0.250299999999997 0.162799999999999
0.1589 -0.922699999999999 0.163999999999999 0.177099999999999 0.162799999999999 0.259899999999995
