0.6107 0.340699999999999 -0.799599999999999 0.344299999999999 -0.799599999999999 0.303499999999999
0.340699999999999 0.538699999999999 -0.817599999999998 0.470299999999998 -0.817599999999998 0.285499999999999
-0.799599999999999 -0.817599999999998 1.78340000000001 -0.813999999999998 1.4666 -0.818799999999999
0.344299999999999 0.470299999999998 -0.813999999999998 0.524299999999998 -0.813999999999998 0.289099999999999
-0.799599999999999 -0.817599999999998 1.4666 -0.813999999999998 1.78340000000001 -0.818799999999999
0.303499999999999 0.285499999999999 -0.818799999999999 0.289099999999999 -0.818799999999999 0.759500000000001
