1.26520000000001 -0.5978 -0.643599999999999 -0.647199999999998 -0.623799999999999 1.24720000000001
-0.5978 1.3273 -0.0504999999999999 -0.0540999999999999 -0.0307 -0.5942
-0.643599999999999 -0.0504999999999999 0.599500000000001 0.567099999999999 0.1675 -0.639999999999999
-0.647199999999998 -0.0540999999999999 0.567099999999999 0.613900000000001 0.1639 -0.643599999999999
-0.623799999999999 -0.0307 0.1675 0.1639 0.943300000000004 -0.620199999999999
1.24720000000001 -0.5942 -0.639999999999999 -0.643599999999999 -0.620199999999999 1.25080000000001
