1.12260000000001 -0.574000000000001 -0.523800000000002 -0.560800000000001 1.08180000000001 -0.545800000000001
-0.574000000000001 0.799200000000006 -0.1072 0.322799999999998 -0.5716 0.1308
-0.523800000000002 -0.1072 1.32540000000001 -0.0939999999999996 -0.521400000000002 -0.0789999999999999
-0.560800000000001 0.322799999999998 -0.0939999999999996 0.746400000000004 -0.558400000000001 0.144
1.08180000000001 -0.5716 -0.521400000000002 -0.558400000000001 1.11300000000001 -0.543400000000002
-0.545800000000001 0.1308 -0.0789999999999999 0.144 -0.543400000000002 0.893400000000005
