1.56000000000001 -0.781599999999998 1.4736 -0.777999999999998 -0.7014 -0.772599999999998
-0.781599999999998 0.560099999999999 -0.788799999999998 0.506099999999999 0.0917000000000001 0.412499999999999
1.4736 -0.788799999999998 1.5888 -0.785199999999998 -0.7086 -0.779799999999998
-0.777999999999998 0.506099999999999 -0.785199999999998 0.545699999999999 0.0953000000000001 0.416099999999999
-0.7014 0.0917000000000001 -0.7086 0.0953000000000001 1.1223 0.1007
-0.772599999999998 0.412499999999999 -0.779799999999998 0.416099999999999 0.1007 0.6231
