1.42630000000001 0.840700000000003 -0.566800000000002 -0.547100000000001 -0.591100000000001 -0.562000000000002
0.840700000000003 1.34950000000001 -0.547600000000003 -0.527900000000002 -0.571900000000001 -0.542800000000003
-0.566800000000002 -0.547600000000003 0.551499999999997 0.00409999999999998 0.0601 0.498699999999997
-0.547100000000001 -0.527900000000002 0.00409999999999998 1.08220000000001 -0.0202000000000001 0.00889999999999994
-0.591100000000001 -0.571900000000001 0.0601 -0.0202000000000001 1.05820000000001 0.0649000000000003
-0.562000000000002 -0.542800000000003 0.498699999999997 0.00889999999999994 0.0649000000000003 0.532299999999997
