1.00750000000001 -0.400000000000004 -0.305500000000002 -0.286700000000002 -0.406000000000004 0.390699999999997
-0.400000000000004 0.678700000000003 -0.230300000000001 -0.287500000000002 0.636700000000001 -0.397600000000004
-0.305500000000002 -0.230300000000001 1.26820000000001 -0.193 -0.236300000000001 -0.303100000000001
-0.286700000000002 -0.287500000000002 -0.193 1.34500000000001 -0.293500000000002 -0.284300000000002
-0.406000000000004 0.636700000000001 -0.236300000000001 -0.293500000000002 0.702700000000003 -0.403600000000004
0.390699999999997 -0.397600000000004 -0.303100000000001 -0.284300000000002 -0.403600000000004 0.997900000000008
