0.421999999999995 0.138200000000001 0.357199999999995 -0.701799999999999 -0.103599999999999 -0.111999999999999
0.138200000000001 0.609499999999999 0.1382 -0.691299999999999 -0.0930999999999991 -0.101499999999999
0.357199999999995 0.1382 0.421999999999994 -0.701799999999999 -0.103599999999999 -0.111999999999999
-0.701799999999999 -0.691299999999999 -0.701799999999999 3.36949999999999 -0.6331 -0.641499999999999
-0.103599999999999 -0.0930999999999991 -0.103599999999999 -0.6331 0.571699999999998 0.361699999999996
-0.111999999999999 -0.101499999999999 -0.111999999999999 -0.641499999999999 0.361699999999996 0.605300000000001
