0.6348 -0.904299999999999 0.4119 0.4119 0.3476 -0.901899999999999
-0.904299999999999 1.8039 -0.903999999999999 -0.903999999999999 -0.8763 1.7847
0.4119 -0.903999999999999 0.5301 0.515699999999999 0.3479 -0.901599999999999
0.4119 -0.903999999999999 0.515699999999999 0.5301 0.3479 -0.901599999999999
0.3476 -0.8763 0.3479 0.3479 0.7068 -0.8739
-0.901899999999999 1.7847 -0.901599999999999 -0.901599999999999 -0.8739 1.7943
