0.470699999999998 -0.774399999999997 0.420299999999998 0.249499999999999 -0.777999999999998 0.411899999999998
-0.774399999999997 1.94700000000001 -0.774399999999997 -0.727199999999998 1.0938 -0.764799999999997
0.420299999999998 -0.774399999999997 0.470699999999998 0.249499999999999 -0.777999999999999 0.411899999999998
0.249499999999999 -0.727199999999998 0.249499999999999 0.699900000000002 -0.730799999999999 0.259099999999999
-0.777999999999998 1.0938 -0.777999999999999 -0.730799999999999 1.96140000000001 -0.768399999999999
0.411899999999998 -0.764799999999997 0.411899999999998 0.259099999999999 -0.768399999999999 0.450299999999998
