0.518699999999999 -0.851199999999998 -0.864399999999998 0.491099999999999 0.410699999999999 0.295099999999999
-0.851199999999998 1.7766 1.605 -0.849999999999998 -0.840399999999998 -0.839999999999999
-0.864399999999998 1.605 1.8294 -0.863199999999998 -0.853599999999999 -0.853199999999999
0.491099999999999 -0.849999999999998 -0.863199999999998 0.513899999999999 0.411899999999999 0.296299999999999
0.410699999999999 -0.840399999999998 -0.853599999999999 0.411899999999999 0.5655 0.3059
0.295099999999999 -0.839999999999999 -0.853199999999999 0.296299999999999 0.3059 0.795900000000001
