2.06180000000001 -0.1042 -0.445000000000002 -0.502600000000003 -0.502000000000003 -0.508000000000003
-0.1042 1.79780000000001 -0.379000000000002 -0.436600000000004 -0.436000000000004 -0.442000000000004
-0.445000000000002 -0.379000000000002 0.94700000000001 -0.0393999999999995 -0.0387999999999995 -0.0447999999999994
-0.502600000000003 -0.436600000000004 -0.0393999999999995 0.433399999999994 0.275599999999996 0.269599999999996
-0.502000000000003 -0.436000000000004 -0.0387999999999995 0.275599999999996 0.367999999999995 0.333199999999995
-0.508000000000003 -0.442000000000004 -0.0447999999999994 0.269599999999996 0.333199999999995 0.391999999999995
