0.898100000000003 0.845300000000002 0.711500000000001 -0.817599999999998 -0.803199999999999 -0.834099999999999
0.845300000000002 0.878900000000003 0.716300000000001 -0.812799999999998 -0.798399999999999 -0.829299999999999
0.711500000000001 0.716300000000001 0.941600000000003 -0.789099999999998 -0.774699999999999 -0.805599999999999
-0.817599999999998 -0.812799999999998 -0.789099999999998 1.0835 0.694700000000001 0.6413
-0.803199999999999 -0.798399999999999 -0.774699999999999 0.694700000000001 1.0259 0.6557
-0.834099999999999 -0.829299999999999 -0.805599999999999 0.6413 0.6557 1.172
