0.655800000000001 -0.0851999999999997 -0.534400000000002 -0.532000000000002 -0.1396 0.635400000000001
-0.0851999999999997 1.14390000000001 -0.457300000000001 -0.454900000000002 -0.0624999999999999 -0.0839999999999997
-0.534400000000002 -0.457300000000001 1.11870000000001 0.897900000000003 -0.491700000000001 -0.533200000000002
-0.532000000000002 -0.454900000000002 0.897900000000003 1.10910000000001 -0.489300000000002 -0.530800000000002
-0.1396 -0.0624999999999999 -0.491700000000001 -0.489300000000002 1.32150000000001 -0.1384
0.635400000000001 -0.0839999999999997 -0.533200000000002 -0.530800000000002 -0.1384 0.651000000000001
