0.831900000000004 0.1571 0.1619 0.1631 -0.662399999999999 -0.6516
0.1571 0.534299999999998 0.366299999999998 0.367499999999998 -0.717999999999999 -0.707199999999999
0.1619 0.366299999999998 0.479099999999997 0.408299999999997 -0.713199999999999 -0.702399999999999
0.1631 0.367499999999998 0.408299999999997 0.474299999999997 -0.711999999999999 -0.701199999999999
-0.662399999999999 -0.717999999999999 -0.713199999999999 -0.711999999999999 1.86180000000001 0.943800000000002
-0.6516 -0.707199999999999 -0.702399999999999 -0.701199999999999 0.943800000000002 1.81860000000001
