0.37798507462686565,-0.7754477611940298,0.2594402985074627,-0.06070895522388062,0.2594402985074627,-0.06070895522388061
-0.7754477611940298,3.7773880597014924,-0.7784701492537314,-0.7225,-0.7784701492537314,-0.7225
0.2594402985074627,-0.7784701492537314,0.3380223880597015,-0.0637313432835821,0.30847014925373134,-0.0637313432835821
-0.06070895522388062,-0.7225,-0.0637313432835821,0.5842910447761196,-0.0637313432835821,0.3263805970149255
0.2594402985074627,-0.7784701492537314,0.30847014925373134,-0.0637313432835821,0.3380223880597015,-0.0637313432835821
-0.06070895522388061,-0.7225,-0.0637313432835821,0.3263805970149255,-0.0637313432835821,0.5842910447761195
