0.8339150820526177,-0.11703568637666062,-0.11703568637666062,0.7382651732221932,-0.6690544412607449,-0.6690544412607449
-0.11703568637666062,0.7995311278978899,0.7789007554050533,-0.11703568637666062,-0.6721802552748111,-0.6721802552748111
-0.11703568637666062,0.7789007554050533,0.7995311278978899,-0.11703568637666062,-0.6721802552748111,-0.6721802552748111
0.7382651732221932,-0.11703568637666062,-0.11703568637666062,0.8339150820526177,-0.6690544412607449,-0.6690544412607449
-0.6690544412607449,-0.6721802552748111,-0.6721802552748111,-0.6690544412607449,1.366553790049492,1.3159156030216201
-0.6690544412607449,-0.6721802552748111,-0.6721802552748111,-0.6690544412607449,1.3159156030216201,1.366553790049492
