0.6831332189822756,0.6378502001143511,-0.602401372212693,-0.6734133790737564,0.6282447112635792,-0.6734133790737564
0.6378502001143511,0.6831332189822756,-0.602401372212693,-0.6734133790737564,0.6282447112635792,-0.6734133790737564
-0.602401372212693,-0.602401372212693,1.8351057747284163,-0.014293882218410521,-0.6017152658662093,-0.014293882218410521
-0.6734133790737564,-0.6734133790737564,-0.014293882218410521,1.0539736992567181,-0.6727272727272727,0.9798742138364782
0.6282447112635792,0.6282447112635792,-0.6017152658662093,-0.6727272727272727,0.6906803887935964,-0.6727272727272727
-0.6734133790737564,-0.6734133790737564,-0.014293882218410521,0.9798742138364782,-0.6727272727272727,1.0539736992567181
