3.732803347280334,-0.7471966527196652,-0.7506276150627614,-0.7506276150627614,-0.7471966527196653,-0.7371548117154813
-0.7471966527196652,0.46117154811715483,0.011213389121338894,0.011213389121338894,0.20209205020920504,0.0615062761506276
-0.7506276150627614,0.011213389121338894,0.38661087866108784,0.3203347280334728,0.011213389121338888,0.021255230125522974
-0.7506276150627614,0.011213389121338894,0.3203347280334728,0.38661087866108784,0.011213389121338888,0.021255230125522974
-0.7471966527196653,0.20209205020920504,0.011213389121338888,0.011213389121338888,0.4611715481171548,0.061506276150627585
-0.7371548117154813,0.0615062761506276,0.021255230125522974,0.021255230125522974,0.061506276150627585,0.57163179916318
