0.7445339470655925,-0.5277330264672038,0.6823935558112774,-0.461795166858458,0.0903337169159954,-0.5277330264672038
-0.5277330264672038,0.8551783659378598,-0.5277330264672038,-0.1238780207134638,-0.48544303797468363,0.8096087456846952
0.6823935558112774,-0.5277330264672038,0.7445339470655927,-0.461795166858458,0.0903337169159954,-0.5277330264672038
-0.461795166858458,-0.1238780207134638,-0.461795166858458,1.5908515535097814,-0.4195051783659379,-0.12387802071346377
0.0903337169159954,-0.48544303797468363,0.0903337169159954,-0.4195051783659379,1.2097238204833143,-0.48544303797468363
-0.5277330264672038,0.8096087456846952,-0.5277330264672038,-0.12387802071346377,-0.48544303797468363,0.8551783659378598
