0.5225144323284157,-0.4502245028864658,-0.12309172546504175,0.47171263630532395,-0.29781911481719053,-0.12309172546504171
-0.4502245028864658,2.0396407953816555,-0.4302116741500963,-0.4502245028864658,-0.2787684413085311,-0.4302116741500963
-0.12309172546504175,-0.4302116741500963,0.7426555484284798,-0.1230917254650417,-0.2778062860808211,0.2115458627325208
0.47171263630532395,-0.4502245028864658,-0.1230917254650417,0.5225144323284158,-0.29781911481719053,-0.12309172546504171
-0.29781911481719053,-0.2787684413085311,-0.2778062860808211,-0.29781911481719053,1.4300192431045544,-0.2778062860808211
-0.12309172546504171,-0.4302116741500963,0.2115458627325208,-0.12309172546504171,-0.2778062860808211,0.7426555484284798
