1.03976,-0.10720000000000005,-0.12592000000000003,-0.56104,-0.11968000000000006,-0.12592000000000003
-0.10720000000000005,0.4526,0.12571999999999997,-0.7288,0.13195999999999997,0.12571999999999997
-0.12592000000000003,0.12571999999999997,0.30188,-0.7475200000000001,0.17563999999999996,0.2702
-0.56104,-0.7288,-0.7475200000000001,3.5261600000000004,-0.74128,-0.7475200000000001
-0.11968000000000006,0.13195999999999997,0.17563999999999996,-0.74128,0.37771999999999994,0.17563999999999996
-0.12592000000000003,0.12571999999999997,0.2702,-0.7475200000000001,0.17563999999999996,0.30188
