0.31262785208497246,0.2814712824547601,-0.014791502753737211,-0.014791502753737211,-0.8091660110149489,0.2446498819826908
0.2814712824547601,0.31262785208497246,-0.014791502753737206,-0.01479150275373722,-0.8091660110149489,0.2446498819826908
-0.014791502753737211,-0.014791502753737206,0.5419354838709678,0.2615263571990559,-0.7612116443745083,-0.012667191188040893
-0.014791502753737211,-0.01479150275373722,0.2615263571990559,0.5419354838709678,-0.7612116443745083,-0.012667191188040907
-0.8091660110149489,-0.8091660110149489,-0.7612116443745083,-0.7612116443745083,3.947797010228167,-0.8070416994492526
0.2446498819826908,0.2446498819826908,-0.012667191188040893,-0.012667191188040907,-0.8070416994492526,0.34307631785995285
