0.8224432948666933,0.7321925984878632,-0.6773179466772783,-0.6773179466772782,-0.10000000000000006,-0.10000000000000006
0.7321925984878632,0.8224432948666933,-0.6773179466772783,-0.6773179466772782,-0.10000000000000006,-0.10000000000000006
-0.6773179466772783,-0.6773179466772783,1.389255869478711,1.3262236370871472,-0.6804218066056507,-0.6804218066056507
-0.6773179466772782,-0.6773179466772782,1.3262236370871472,1.389255869478711,-0.6804218066056507,-0.6804218066056507
-0.10000000000000006,-0.10000000000000006,-0.6804218066056507,-0.6804218066056507,0.7883008356545962,0.7725427775567052
-0.10000000000000006,-0.10000000000000006,-0.6804218066056507,-0.6804218066056507,0.7725427775567052,0.7883008356545962
