0.4907313540912381,0.4073135409123822,-0.7149891383055756,0.4073135409123822,0.12461984069514834,-0.7149891383055756
0.4073135409123822,0.47769732078204186,-0.7149891383055756,0.4203475742215785,0.12461984069514839,-0.7149891383055756
-0.7149891383055756,-0.7149891383055756,1.8195510499637941,-0.7149891383055756,-0.6443157132512672,0.9697320782041998
0.4073135409123822,0.4203475742215785,-0.7149891383055756,0.4776973207820419,0.12461984069514839,-0.7149891383055758
0.12461984069514834,0.12461984069514839,-0.6443157132512672,0.12461984069514839,0.9147719044170889,-0.6443157132512671
-0.7149891383055756,-0.7149891383055756,0.9697320782041998,-0.7149891383055758,-0.6443157132512671,1.819551049963794
