1.0287029930928626,-0.37283192632386797,0.45955487336914824,-0.37283192632386797,-0.38311588641596317,-0.3594781273983116
-0.37283192632386797,0.5171143514965464,-0.37283192632386797,0.4563315425940138,-0.49716039907904835,0.2693783576362241
0.45955487336914824,-0.37283192632386797,1.0287029930928626,-0.37283192632386797,-0.38311588641596317,-0.3594781273983116
-0.37283192632386797,0.4563315425940138,-0.37283192632386797,0.5171143514965464,-0.49716039907904835,0.2693783576362241
-0.38311588641596317,-0.49716039907904835,-0.38311588641596317,-0.49716039907904835,2.2443591711435156,-0.483806600153492
-0.3594781273983116,0.2693783576362241,-0.3594781273983116,0.2693783576362241,-0.483806600153492,0.6640061396776669
