0.36636798088410993,0.27640382317801676,-0.3168458781362007,-0.08870967741935484,-0.5562724014336918,0.3190561529271207
0.27640382317801676,0.39988052568697735,-0.31379928315412187,-0.08566308243727602,-0.553225806451613,0.27640382317801676
-0.3168458781362007,-0.31379928315412187,1.4810633213859021,-0.22252090800477897,-0.31105137395459975,-0.3168458781362007
-0.08870967741935484,-0.08566308243727602,-0.22252090800477897,0.9475507765830345,-0.4619474313022701,-0.08870967741935487
-0.5562724014336918,-0.553225806451613,-0.31105137395459975,-0.4619474313022701,2.438769414575867,-0.5562724014336918
0.3190561529271207,0.27640382317801676,-0.3168458781362007,-0.08870967741935487,-0.5562724014336918,0.36636798088410993
