0.5622056703507928,-0.7988226814031716,0.2461316674675636,0.5431763575204228,0.2461316674675636,-0.7988226814031716
-0.7988226814031716,1.8724171071600195,-0.7985343584814992,-0.7988226814031716,-0.7985343584814992,1.3222969726093226
0.2461316674675636,-0.7985343584814992,0.5653772224891878,0.2461316674675636,0.5394281595386833,-0.7985343584814992
0.5431763575204228,-0.7988226814031716,0.2461316674675636,0.5622056703507928,0.2461316674675636,-0.7988226814031716
0.2461316674675636,-0.7985343584814992,0.5394281595386833,0.2461316674675636,0.5653772224891878,-0.7985343584814992
-0.7988226814031716,1.3222969726093226,-0.7985343584814992,-0.7988226814031716,-0.7985343584814992,1.8724171071600195
