0.8106182795698925,0.10940860215053759,0.10940860215053759,-0.3931451612903226,-0.31814516129032255,-0.31814516129032255
0.10940860215053759,0.5489247311827956,0.44247311827956987,-0.41693548387096774,-0.3419354838709677,-0.3419354838709677
0.10940860215053759,0.44247311827956987,0.5489247311827956,-0.41693548387096774,-0.3419354838709677,-0.3419354838709677
-0.3931451612903226,-0.41693548387096774,-0.41693548387096774,1.8622311827956985,-0.31760752688172045,-0.31760752688172045
-0.31814516129032255,-0.3419354838709677,-0.3419354838709677,-0.31760752688172045,1.1146505376344085,0.2049731182795699
-0.31814516129032255,-0.3419354838709677,-0.3419354838709677,-0.31760752688172045,0.2049731182795699,1.1146505376344087
