1.0503937007874016,0.894488188976378,-0.41771653543307075,-0.5086614173228347,-0.5098425196850394,-0.5086614173228347
0.894488188976378,1.0503937007874016,-0.41771653543307075,-0.5086614173228347,-0.5098425196850394,-0.5086614173228347
-0.41771653543307075,-0.41771653543307075,1.3828740157480313,-0.1820866141732284,-0.1832677165354331,-0.18208661417322836
-0.5086614173228347,-0.5086614173228347,-0.1820866141732284,0.8312992125984251,0.1746062992125984,0.193503937007874
-0.5098425196850394,-0.5098425196850394,-0.1832677165354331,0.1746062992125984,0.8537401574803147,0.1746062992125984
-0.5086614173228347,-0.5086614173228347,-0.18208661417322836,0.193503937007874,0.1746062992125984,0.8312992125984251
