1.504536585365854,-0.7570731707317074,-0.7201463414634147,-0.7570731707317074,1.4659024390243907,-0.7361463414634147
-0.7570731707317074,0.6130243902439025,0.16297560975609748,0.5111707317073171,-0.7570731707317074,0.22697560975609749
-0.7201463414634147,0.16297560975609748,0.930439024390244,0.16297560975609748,-0.7201463414634147,0.18390243902439019
-0.7570731707317074,0.5111707317073171,0.16297560975609748,0.6130243902439025,-0.7570731707317074,0.22697560975609749
1.4659024390243907,-0.7570731707317074,-0.7201463414634147,-0.7570731707317074,1.504536585365854,-0.7361463414634147
-0.7361463414634147,0.22697560975609749,0.18390243902439019,0.22697560975609749,-0.7361463414634147,0.834439024390244
