3.2289451476793247,-0.6539240506329115,-0.669873417721519,-0.6176371308016878,-0.6176371308016878,-0.669873417721519
-0.6539240506329115,0.6061603375527423,0.15881856540084388,-0.13493670886075948,-0.13493670886075948,0.15881856540084388
-0.669873417721519,0.15881856540084388,0.4231223628691983,-0.15088607594936704,-0.15088607594936707,0.389704641350211
-0.6176371308016878,-0.13493670886075948,-0.15088607594936704,0.6593248945147678,0.3950210970464136,-0.15088607594936707
-0.6176371308016878,-0.13493670886075948,-0.15088607594936707,0.3950210970464136,0.659324894514768,-0.15088607594936707
-0.669873417721519,0.15881856540084388,0.389704641350211,-0.15088607594936707,-0.15088607594936707,0.42312236286919835
