0.8255285826155051,-0.4028191072826939,-0.36570086139389196,-0.4028191072826939,0.7353171495693029,-0.3895066562255286
-0.4028191072826939,0.6133907595927957,0.06272513703993733,0.5823805794831637,-0.4028191072826938,-0.452858261550509
-0.36570086139389196,0.06272513703993733,1.0216914643696162,0.06272513703993735,-0.36570086139389196,-0.41574001566170715
-0.4028191072826939,0.5823805794831637,0.06272513703993735,0.6133907595927957,-0.4028191072826938,-0.45285826155050907
0.7353171495693029,-0.4028191072826938,-0.36570086139389196,-0.4028191072826938,0.8255285826155051,-0.3895066562255286
-0.3895066562255286,-0.452858261550509,-0.41574001566170715,-0.45285826155050907,-0.3895066562255286,2.1004698512137825
