0.8719812426729192,0.7791324736225089,-0.45838218053927327,-0.4288393903868699,-0.3055099648300118,-0.4583821805392732
0.7791324736225089,0.8719812426729192,-0.45838218053927327,-0.4288393903868699,-0.3055099648300118,-0.4583821805392732
-0.45838218053927327,-0.45838218053927327,0.7341148886283706,0.07573270808909728,-0.38241500586166477,0.4893317702227432
-0.4288393903868699,-0.4288393903868699,0.07573270808909728,1.0590855803048065,-0.35287221570926147,0.07573270808909724
-0.3055099648300118,-0.3055099648300118,-0.38241500586166477,-0.35287221570926147,1.7287221570926146,-0.3824150058616647
-0.4583821805392732,-0.4583821805392732,0.4893317702227432,0.07573270808909724,-0.3824150058616647,0.7341148886283704
