3.1486706456863813,-0.6106890938686923,-0.6275637547476939,-0.6498643516006511,-0.6106890938686923,-0.649864351600651
-0.6106890938686923,0.6866521975040695,-0.07004883342376562,-0.09234943027672277,0.17878459034183397,-0.09234943027672277
-0.6275637547476939,-0.07004883342376562,0.656212696690179,0.055724362452523046,-0.07004883342376562,0.05572436245252303
-0.6498643516006511,-0.09234943027672277,0.055724362452523046,0.41090613130765063,-0.09234943027672277,0.367932718393923
-0.6106890938686923,0.17878459034183397,-0.07004883342376562,-0.09234943027672277,0.6866521975040695,-0.0923494302767228
-0.649864351600651,-0.09234943027672277,0.05572436245252303,0.367932718393923,-0.0923494302767228,0.4109061313076506
