0.46484517304189427,0.3927140255009107,-0.6032786885245902,-0.6032786885245902,0.27413479052823314,0.07486338797814207
0.3927140255009107,0.4648451730418944,-0.6032786885245902,-0.6032786885245901,0.27413479052823314,0.0748633879781421
-0.6032786885245902,-0.6032786885245902,1.8263205828779603,0.5214025500910748,-0.5948087431693989,-0.5463570127504553
-0.6032786885245902,-0.6032786885245901,0.5214025500910748,1.82632058287796,-0.5948087431693989,-0.5463570127504553
0.27413479052823314,0.27413479052823314,-0.5948087431693989,-0.5948087431693989,0.5580145719489982,0.08333333333333334
0.07486338797814207,0.0748633879781421,-0.5463570127504553,-0.5463570127504553,0.08333333333333334,0.8596539162112933
