0.9350582147477363,-0.6403622250970246,-0.6403622250970246,0.9009055627425617,0.06959896507115142,-0.6248382923673997
-0.6403622250970246,0.7902975420439846,0.6443725743855111,-0.6403622250970247,-0.5809831824062096,0.4270375161707633
-0.6403622250970246,0.6443725743855111,0.7902975420439846,-0.6403622250970247,-0.5809831824062096,0.42703751617076335
0.9009055627425617,-0.6403622250970247,-0.6403622250970247,0.9350582147477362,0.06959896507115142,-0.6248382923673999
0.06959896507115142,-0.5809831824062096,-0.5809831824062096,0.06959896507115142,1.588227684346701,-0.5654592496765848
-0.6248382923673997,0.4270375161707633,0.42703751617076335,-0.6248382923673999,-0.5654592496765848,0.9610608020698578
