0.3993548387096774,0.0745806451612903,0.2785806451612903,-0.12012903225806457,-0.7069677419354837,0.07458064516129029
0.0745806451612903,0.3908387096774193,0.07458064516129029,-0.12090322580645167,-0.7077419354838709,0.28864516129032247
0.2785806451612903,0.07458064516129029,0.39935483870967736,-0.12012903225806457,-0.7069677419354837,0.07458064516129029
-0.12012903225806457,-0.12090322580645167,-0.12012903225806457,1.0361290322580647,-0.5540645161290321,-0.12090322580645166
-0.7069677419354837,-0.7077419354838709,-0.7069677419354837,-0.5540645161290321,3.3834838709677424,-0.7077419354838709
0.07458064516129029,0.28864516129032247,0.07458064516129029,-0.12090322580645166,-0.7077419354838709,0.3908387096774193
