0.28033766233766233,-0.8767272727272728,0.1631428571428571,0.1631428571428571,0.22423376623376617,0.04587012987012989
-0.8767272727272728,4.300805194805195,-0.8782077922077922,-0.8782077922077922,-0.8767272727272728,-0.7909350649350649
0.1631428571428571,-0.8782077922077922,0.26405194805194804,0.24348051948051944,0.16314285714285706,0.044389610389610396
0.1631428571428571,-0.8782077922077922,0.24348051948051944,0.26405194805194804,0.16314285714285706,0.04438961038961037
0.22423376623376617,-0.8767272727272728,0.16314285714285706,0.16314285714285706,0.28033766233766233,0.045870129870129873
0.04587012987012989,-0.7909350649350649,0.044389610389610396,0.04438961038961037,0.045870129870129873,0.6104155844155844
