0.5563226247436774,-0.8113465481886537,-0.8113465481886537,0.2055365686944634,0.35864661654135344,0.5021872863978127
-0.8113465481886537,1.6597402597402606,1.5268626110731385,-0.7628161312371841,-0.8010936431989066,-0.8113465481886537
-0.8113465481886537,1.5268626110731385,1.6597402597402606,-0.7628161312371841,-0.8010936431989066,-0.8113465481886537
0.2055365686944634,-0.7628161312371841,-0.7628161312371841,0.8987696514012304,0.21578947368421048,0.2055365686944634
0.35864661654135344,-0.8010936431989066,-0.8010936431989066,0.21578947368421048,0.6691045796308954,0.35864661654135344
0.5021872863978127,-0.8113465481886537,-0.8113465481886537,0.2055365686944634,0.35864661654135344,0.5563226247436774
