2.897082494969819,-0.6538229376257544,-0.6413480885311871,-0.6559356136820924,-0.6559356136820924,-0.290040241448692
-0.6538229376257544,0.3588531187122736,0.18460764587525147,0.22635814889336014,0.22635814889336014,-0.342354124748491
-0.6413480885311871,0.18460764587525147,0.42162977867203216,0.18249496981891344,0.18249496981891347,-0.32987927565392355
-0.6559356136820924,0.22635814889336014,0.18249496981891344,0.33561368209255527,0.2559356136820925,-0.344466800804829
-0.6559356136820924,0.22635814889336014,0.18249496981891347,0.2559356136820925,0.33561368209255527,-0.344466800804829
-0.290040241448692,-0.342354124748491,-0.32987927565392355,-0.344466800804829,-0.344466800804829,1.6512072434607648
