0.5710659898477157,-0.817258883248731,-0.817258883248731,0.3091370558375634,0.3771573604060913,0.3771573604060913
-0.817258883248731,1.8588832487309648,1.4020304568527924,-0.7989847715736041,-0.8223350253807107,-0.8223350253807108
-0.817258883248731,1.4020304568527924,1.858883248730965,-0.7989847715736041,-0.8223350253807107,-0.8223350253807108
0.3091370558375634,-0.7989847715736041,-0.7989847715736041,0.6807106598984771,0.30406091370558364,0.3040609137055837
0.3771573604060913,-0.8223350253807107,-0.8223350253807107,0.30406091370558364,0.515228426395939,0.4482233502538071
0.3771573604060913,-0.8223350253807108,-0.8223350253807108,0.3040609137055837,0.4482233502538071,0.515228426395939
