0.4450972608177849,-0.08273124255657008,-0.6219928543072649,0.41365621278285036,-0.08273124255657005,-0.07129813418023026
-0.08273124255657008,0.6174275506153237,-0.6056768558951966,-0.08273124255657008,0.2086939261611751,-0.054982135768161994
-0.6219928543072649,-0.6056768558951966,3.038864628820961,-0.6219928543072648,-0.6056768558951966,-0.5835252084160382
0.41365621278285036,-0.08273124255657008,-0.6219928543072648,0.4450972608177849,-0.08273124255657005,-0.07129813418023026
-0.08273124255657005,0.2086939261611751,-0.6056768558951966,-0.08273124255657005,0.6174275506153236,-0.054982135768161994
-0.07129813418023026,-0.054982135768161994,-0.5835252084160382,-0.07129813418023026,-0.054982135768161994,0.8360857483128227
