1.987453703703704,0.27412037037037057,-0.5772222222222222,-0.5687500000000001,-0.5383796296296296,-0.5772222222222222
0.27412037037037057,1.987453703703704,-0.5772222222222222,-0.56875,-0.5383796296296296,-0.5772222222222222
-0.5772222222222222,-0.5772222222222222,0.40995370370370365,0.24634259259259253,0.12486111111111106,0.373287037037037
-0.5687500000000001,-0.56875,0.24634259259259253,0.5114814814814814,0.13333333333333328,0.24634259259259253
-0.5383796296296296,-0.5383796296296296,0.12486111111111106,0.13333333333333328,0.6937037037037037,0.12486111111111106
-0.5772222222222222,-0.5772222222222222,0.373287037037037,0.24634259259259253,0.12486111111111106,0.40995370370370365
