2.949715909090909,-0.526065340909091,-0.526065340909091,-0.6324573863636365,-0.6326704545454545,-0.6324573863636364
-0.526065340909091,0.9820312500000001,0.025781250000000012,-0.16051136363636365,-0.16072443181818186,-0.16051136363636367
-0.526065340909091,0.025781250000000012,0.98203125,-0.16051136363636365,-0.16072443181818186,-0.16051136363636367
-0.6324573863636365,-0.16051136363636365,-0.16051136363636365,0.35859375,0.2925426136363636,0.30234375
-0.6326704545454545,-0.16072443181818186,-0.16072443181818186,0.2925426136363636,0.3690340909090909,0.2925426136363636
-0.6324573863636364,-0.16051136363636367,-0.16051136363636367,0.30234375,0.2925426136363636,0.35859375000000004
