1.1655601659751036,-0.592323651452282,-0.5261410788381741,-0.592323651452282,1.1244813278008299,-0.579253112033195
-0.592323651452282,0.7656639004149376,-0.06296680497925318,0.33246887966804967,-0.592323651452282,0.1494813278008298
-0.5261410788381741,-0.06296680497925318,1.2281120331950204,-0.06296680497925317,-0.5261410788381741,-0.04989626556016602
-0.592323651452282,0.33246887966804967,-0.06296680497925317,0.7656639004149376,-0.592323651452282,0.1494813278008298
1.1244813278008299,-0.592323651452282,-0.5261410788381741,-0.592323651452282,1.1655601659751036,-0.579253112033195
-0.579253112033195,0.1494813278008298,-0.04989626556016602,0.1494813278008298,-0.579253112033195,0.909439834024896
