1.6317985045257777,-0.8082644628099175,1.515623770169225,-0.8082644628099175,-0.72805981896891,-0.8028335301062575
-0.8082644628099175,0.5408894136166863,-0.8082644628099175,0.5097205824478551,0.1322314049586777,0.4336875245966155
1.515623770169225,-0.8082644628099175,1.6317985045257777,-0.8082644628099175,-0.72805981896891,-0.8028335301062575
-0.8082644628099175,0.5097205824478551,-0.8082644628099175,0.5408894136166863,0.1322314049586777,0.4336875245966155
-0.72805981896891,0.1322314049586777,-0.72805981896891,0.1322314049586777,1.0539944903581266,0.13766233766233765
-0.8028335301062575,0.4336875245966155,-0.8028335301062575,0.4336875245966155,0.13766233766233765,0.6006296733569462
