1.2027372262773723,-0.20072992700729927,-0.20072992700729927,-0.4417883211678831,-0.1914233576642336,-0.168065693430657
-0.20072992700729927,0.3618613138686131,0.28959854014598535,-0.6430656934306569,0.14288321167883206,0.049452554744525506
-0.20072992700729927,0.28959854014598535,0.3618613138686131,-0.6430656934306569,0.14288321167883206,0.04945255474452549
-0.4417883211678831,-0.6430656934306569,-0.6430656934306569,2.9720802919708023,-0.6337591240875912,-0.6104014598540145
-0.1914233576642336,0.14288321167883206,0.14288321167883206,-0.6337591240875912,0.48065693430656925,0.05875912408759118
-0.168065693430657,0.049452554744525506,0.04945255474452549,-0.6104014598540145,0.05875912408759118,0.6208029197080291
