0.4308673469387755,-0.5994387755102041,-0.29836734693877554,-0.29836734693877554,0.3904591836734693,0.37484693877551023
-0.5994387755102041,2.7544897959183676,-0.47831632653061223,-0.47831632653061223,-0.5994387755102041,-0.5989795918367348
-0.29836734693877554,-0.47831632653061223,0.9693367346938774,0.4036224489795919,-0.2983673469387754,-0.2979081632653061
-0.29836734693877554,-0.47831632653061223,0.4036224489795919,0.9693367346938775,-0.2983673469387754,-0.2979081632653061
0.3904591836734693,-0.5994387755102041,-0.2983673469387754,-0.2983673469387754,0.4308673469387755,0.37484693877551023
0.37484693877551023,-0.5989795918367348,-0.2979081632653061,-0.2979081632653061,0.37484693877551023,0.44510204081632654
