1.1404133998574484,-0.6843905915894513,0.4146828225231647,-0.6698503207412687,-0.6843905915894513,0.48353528153955805
-0.6843905915894513,0.7882394868139699,-0.679472558802566,0.5282252316464717,0.7317890235210263,-0.6843905915894511
0.4146828225231647,-0.679472558802566,1.1945117605131859,-0.6649322879543835,-0.679472558802566,0.4146828225231646
-0.6698503207412687,0.5282252316464717,-0.6649322879543835,0.9481824661439769,0.5282252316464717,-0.6698503207412688
-0.6843905915894513,0.7317890235210263,-0.679472558802566,0.5282252316464717,0.7882394868139699,-0.6843905915894511
0.48353528153955805,-0.6843905915894511,0.4146828225231646,-0.6698503207412688,-0.6843905915894511,1.1404133998574482
