0.6302822273073991,-0.4967963386727686,-0.4135011441647597,0.34675819984744466,-0.4135011441647597,0.34675819984744466
-0.4967963386727686,2.270556826849733,-0.38115942028985506,-0.5057208237986268,-0.38115942028985506,-0.5057208237986268
-0.4135011441647597,-0.38115942028985506,1.0174675819984746,-0.42242562929061783,0.6220442410373761,-0.42242562929061783
0.34675819984744466,-0.5057208237986268,-0.42242562929061783,0.5321128909229595,-0.42242562929061783,0.4717009916094584
-0.4135011441647597,-0.38115942028985506,0.6220442410373761,-0.42242562929061783,1.0174675819984746,-0.42242562929061783
0.34675819984744466,-0.5057208237986268,-0.42242562929061783,0.4717009916094584,-0.42242562929061783,0.5321128909229595
