1.053099173553719,0.562190082644628,-0.7148760330578512,-0.7148760330578512,-0.7018595041322313,0.5163223140495867
0.562190082644628,1.053099173553719,-0.7148760330578511,-0.7148760330578511,-0.7018595041322313,0.5163223140495867
-0.7148760330578512,-0.7148760330578511,0.8845041322314049,0.7208677685950413,0.5386363636363636,-0.7142561983471073
-0.7148760330578512,-0.7148760330578511,0.7208677685950413,0.8845041322314049,0.5386363636363636,-0.7142561983471073
-0.7018595041322313,-0.7018595041322313,0.5386363636363636,0.5386363636363636,1.027685950413223,-0.7012396694214875
0.5163223140495867,0.5163223140495867,-0.7142561983471073,-0.7142561983471073,-0.7012396694214875,1.0971074380165287
