1.43462967550161,-0.740797621996532,-0.740797621996532,-0.7303938568243744,1.4007431260837255,-0.6233837007678968
-0.740797621996532,0.5649492197176119,0.5453306911072577,0.3996779786970521,-0.740797621996532,-0.028362645528858116
-0.740797621996532,0.5453306911072577,0.5649492197176119,0.3996779786970521,-0.740797621996532,-0.028362645528858116
-0.7303938568243744,0.3996779786970521,0.3996779786970521,0.6793906366113449,-0.7303938568243744,-0.01795888035670057
1.4007431260837255,-0.740797621996532,-0.740797621996532,-0.7303938568243744,1.4346296755016101,-0.6233837007678968
-0.6233837007678968,-0.028362645528858116,-0.028362645528858116,-0.01795888035670057,-0.6233837007678968,1.32145157295021
