1.0413665432514305,-0.6966677886233591,0.507404914170313,-0.6628407943453383,-0.6966677886233591,0.507404914170313
-0.6966677886233591,0.8760686637495793,-0.7023224503534163,0.3758330528441602,0.8494109727364524,-0.7023224503534162
0.507404914170313,-0.7023224503534163,0.9791652642208011,-0.6684954560753954,-0.7023224503534163,0.5865701783911141
-0.6628407943453383,0.3758330528441602,-0.6684954560753954,1.2481656008078088,0.3758330528441602,-0.6684954560753955
-0.6966677886233591,0.8494109727364524,-0.7023224503534163,0.3758330528441602,0.8760686637495793,-0.7023224503534162
0.507404914170313,-0.7023224503534162,0.5865701783911141,-0.6684954560753955,-0.7023224503534162,0.9791652642208011
