0.5161097256857854,-0.877007481296758,-0.877007481296758,0.49635910224438895,0.42304239401496246,0.318503740648379
-0.877007481296758,1.831770573566085,1.6396508728179553,-0.877007481296758,-0.8717705735660847,-0.8456359102244388
-0.877007481296758,1.6396508728179553,1.831770573566085,-0.877007481296758,-0.8717705735660847,-0.8456359102244388
0.49635910224438895,-0.877007481296758,-0.877007481296758,0.5161097256857854,0.42304239401496246,0.318503740648379
0.42304239401496246,-0.8717705735660847,-0.8717705735660847,0.42304239401496246,0.5737157107231919,0.3237406483790523
0.318503740648379,-0.8456359102244388,-0.8456359102244388,0.318503740648379,0.3237406483790523,0.7305236907730672
