0.6676706827309238,-0.6036144578313254,0.5881526104417671,-0.6036144578313254,-0.5650602409638555,0.5164658634538153
-0.6036144578313254,1.1721887550200807,-0.6036144578313254,0.5866465863453818,0.04688755020080318,-0.5984939759036145
0.5881526104417671,-0.6036144578313254,0.6676706827309238,-0.6036144578313254,-0.5650602409638555,0.5164658634538153
-0.6036144578313254,0.5866465863453818,-0.6036144578313254,1.1721887550200802,0.04688755020080318,-0.5984939759036145
-0.5650602409638555,0.04688755020080318,-0.5650602409638555,0.04688755020080318,1.5962851405622491,-0.5599397590361447
0.5164658634538153,-0.5984939759036145,0.5164658634538153,-0.5984939759036145,-0.5599397590361447,0.723995983935743
