0.8361022364217252,0.1460063897763578,0.14313099041533542,0.14313099041533542,-0.6341853035143771,-0.6341853035143772
0.1460063897763578,0.5140575079872204,0.35782747603833864,0.35782747603833864,-0.6878594249201279,-0.687859424920128
0.14313099041533542,0.35782747603833864,0.4824281150159744,0.39808306709265173,-0.6907348242811503,-0.6907348242811502
0.14313099041533542,0.35782747603833864,0.39808306709265173,0.4824281150159744,-0.6907348242811503,-0.6907348242811502
-0.6341853035143771,-0.6878594249201279,-0.6907348242811503,-0.6907348242811503,1.8424920127795534,0.8610223642172528
-0.6341853035143772,-0.687859424920128,-0.6907348242811502,-0.6907348242811502,0.8610223642172528,1.8424920127795534
