0.7434623813002192,-0.28736303871439006,0.6067202337472608,-0.2663257852447041,-0.5091307523739955,-0.28736303871439006
-0.28736303871439006,0.5199415631848063,-0.28736303871439,0.16756756756756752,-0.574872169466764,0.46208911614317016
0.6067202337472608,-0.28736303871439,0.7434623813002191,-0.2663257852447041,-0.5091307523739955,-0.28736303871439
-0.2663257852447041,0.16756756756756752,-0.2663257852447041,0.7513513513513513,-0.5538349159970781,0.16756756756756752
-0.5091307523739955,-0.574872169466764,-0.5091307523739955,-0.5538349159970781,2.721840759678597,-0.574872169466764
-0.28736303871439006,0.46208911614317016,-0.28736303871439,0.16756756756756752,-0.574872169466764,0.5199415631848063
