1.1723872387238725,-0.35973597359735965,0.25357535753575366,-0.35544554455445543,-0.35973597359735965,-0.3510451045104511
-0.35973597359735965,0.48096809680968095,-0.3597359735973597,0.3337733773377338,0.3938393839383938,-0.48910891089108904
0.25357535753575366,-0.3597359735973597,1.1723872387238723,-0.3554455445544554,-0.3597359735973597,-0.351045104510451
-0.35544554455445543,0.3337733773377338,-0.3554455445544554,0.5281628162816281,0.3337733773377338,-0.4848184818481847
-0.35973597359735965,0.3938393839383938,-0.3597359735973597,0.3337733773377338,0.48096809680968095,-0.48910891089108904
-0.3510451045104511,-0.48910891089108904,-0.351045104510451,-0.4848184818481847,-0.48910891089108904,2.1651265126512653
