0.6632468996617812,-0.5981961668545659,0.5739571589627959,0.49819616685456586,-0.5981961668545659,-0.5390078917700112
-0.5981961668545659,1.0998872604284102,-0.5981961668545659,-0.5927846674182637,0.7589627959413753,-0.06967305524239006
0.5739571589627959,-0.5981961668545659,0.6632468996617812,0.49819616685456586,-0.5981961668545659,-0.5390078917700112
0.49819616685456586,-0.5927846674182637,0.49819616685456586,0.7227733934611048,-0.5927846674182637,-0.5335963923337091
-0.5981961668545659,0.7589627959413753,-0.5981961668545659,-0.5927846674182637,1.0998872604284102,-0.06967305524239006
-0.5390078917700112,-0.06967305524239006,-0.5390078917700112,-0.5335963923337091,-0.06967305524239006,1.7509582863585118
