3.632965517241379,-0.6934482758620689,-0.7455172413793102,-0.6934482758620689,-0.7502758620689653,-0.7502758620689653
-0.6934482758620689,0.5682068965517241,-0.1213103448275862,0.49868965517241376,-0.1260689655172414,-0.1260689655172414
-0.7455172413793102,-0.1213103448275862,0.44510344827586207,-0.1213103448275862,0.27151724137931027,0.27151724137931027
-0.6934482758620689,0.49868965517241376,-0.1213103448275862,0.5682068965517241,-0.1260689655172414,-0.1260689655172414
-0.7502758620689653,-0.1260689655172414,0.27151724137931027,-0.1260689655172414,0.3927586206896551,0.3381379310344827
-0.7502758620689653,-0.1260689655172414,0.27151724137931027,-0.1260689655172414,0.3381379310344827,0.39275862068965506
