2.0519364044027717,1.2946596004891975,-0.8366082348145129,-0.8380758255197718,-0.8380758255197718,-0.8338361190379129
1.2946596004891975,2.051936404402772,-0.8366082348145129,-0.8380758255197718,-0.8380758255197718,-0.8338361190379129
-0.8366082348145129,-0.8366082348145129,0.4828373420301671,0.3991846718304117,0.3991846718304117,0.392009783938035
-0.8380758255197718,-0.8380758255197718,0.3991846718304117,0.45935589074602523,0.42706889523033015,0.3905421932327761
-0.8380758255197718,-0.8380758255197718,0.3991846718304117,0.42706889523033015,0.45935589074602523,0.3905421932327761
-0.8338361190379129,-0.8338361190379129,0.392009783938035,0.3905421932327761,0.3905421932327761,0.494578067672238
