1.3041709053916581,-0.2278738555442523,-0.42441505595116985,-0.4244150559511699,-0.2278738555442523,4.069175991861518E-4
-0.2278738555442523,0.7569684638860631,-0.47416073245167856,-0.47416073245167845,0.6471007121057987,-0.22787385554425224
-0.42441505595116985,-0.47416073245167856,0.9388606307222788,0.8582909460834183,-0.47416073245167856,-0.42441505595116985
-0.4244150559511699,-0.47416073245167845,0.8582909460834183,0.9388606307222789,-0.47416073245167845,-0.4244150559511699
-0.2278738555442523,0.6471007121057987,-0.47416073245167856,-0.47416073245167845,0.7569684638860631,-0.22787385554425224
4.069175991861518E-4,-0.22787385554425224,-0.42441505595116985,-0.4244150559511699,-0.22787385554425224,1.3041709053916577
