0.7194196428571429,0.36383928571428575,-0.5687500000000001,-0.5727678571428572,-0.5727678571428572,0.6310267857142857
0.36383928571428575,0.9293526785714286,-0.5496651785714286,-0.5536830357142857,-0.5536830357142857,0.36383928571428575
-0.5687500000000001,-0.5496651785714286,1.2400669642857145,0.2235491071428572,0.22354910714285717,-0.56875
-0.5727678571428572,-0.5536830357142857,0.2235491071428572,1.1958705357142856,0.27979910714285716,-0.5727678571428572
-0.5727678571428572,-0.5536830357142857,0.22354910714285717,0.27979910714285716,1.1958705357142858,-0.5727678571428572
0.6310267857142857,0.36383928571428575,-0.56875,-0.5727678571428572,-0.5727678571428572,0.7194196428571429
