0.534188679245283,-0.7853584905660379,0.3272452830188679,-0.7853584905660379,0.3272452830188679,0.38203773584905654
-0.7853584905660379,1.9739622641509442,-0.7892075471698113,1.1751698113207556,-0.7892075471698113,-0.7853584905660379
0.3272452830188679,-0.7892075471698113,0.49184905660377354,-0.7892075471698113,0.4320754716981132,0.3272452830188679
-0.7853584905660379,1.1751698113207556,-0.7892075471698113,1.9739622641509442,-0.7892075471698113,-0.7853584905660379
0.3272452830188679,-0.7892075471698113,0.4320754716981132,-0.7892075471698113,0.49184905660377354,0.3272452830188679
0.38203773584905654,-0.7853584905660379,0.3272452830188679,-0.7853584905660379,0.3272452830188679,0.534188679245283
