0.44680102799945887,0.30371973488434995,-0.7672392804003788,0.43608819153253076,-0.7672392804003788,0.34786960638441766
0.30371973488434995,0.582862166914649,-0.750074394697687,0.30371973488434995,-0.750074394697687,0.30984715271202484
-0.7672392804003788,-0.750074394697687,2.0034492087109426,-0.7672392804003788,1.0422156093602057,-0.761111862572704
0.43608819153253076,0.30371973488434995,-0.7672392804003788,0.446801027999459,-0.7672392804003788,0.34786960638441766
-0.7672392804003788,-0.750074394697687,1.0422156093602057,-0.7672392804003788,2.0034492087109426,-0.761111862572704
0.34786960638441766,0.30984715271202484,-0.761111862572704,0.34786960638441766,-0.761111862572704,0.5166373596645475
