0.3488265071329958,-0.7882190520018408,0.31237919926369073,-0.05016106764841234,-0.05016106764841237,0.2273354809019788
-0.7882190520018408,3.848320294523699,-0.7882190520018408,-0.7448688449148644,-0.7448688449148644,-0.7821445006902901
0.31237919926369073,-0.7882190520018408,0.3488265071329958,-0.05016106764841237,-0.0501610676484124,0.2273354809019788
-0.05016106764841234,-0.7448688449148644,-0.05016106764841237,0.5191900598251264,0.3700874367234238,-0.04408651633686149
-0.05016106764841237,-0.7448688449148644,-0.0501610676484124,0.3700874367234238,0.5191900598251264,-0.0440865163368615
0.2273354809019788,-0.7821445006902901,0.2273354809019788,-0.04408651633686149,-0.0440865163368615,0.41564657156005524
