0.8369426751592357,0.5748118123914303,0.5748118123914303,-0.6220034742327738,-0.6822814128546614,-0.6822814128546614
0.5748118123914303,0.750955414012739,0.684250144759699,-0.6298204979733644,-0.6900984365952519,-0.6900984365952519
0.5748118123914303,0.684250144759699,0.750955414012739,-0.6298204979733644,-0.6900984365952519,-0.6900984365952519
-0.6220034742327738,-0.6298204979733644,-0.6298204979733644,1.6624203821656054,0.10961204400694842,0.10961204400694842
-0.6822814128546614,-0.6900984365952519,-0.6900984365952519,0.10961204400694842,0.999363057324841,0.953503184713376
-0.6822814128546614,-0.6900984365952519,-0.6900984365952519,0.10961204400694842,0.953503184713376,0.999363057324841
