0.5182344428364688,-0.8189580318379159,0.07481910274963818,0.07554269175108537,0.07554269175108538,0.07481910274963821
-0.8189580318379159,4.227641099855281,-0.8525325615050651,-0.8518089725036179,-0.8518089725036179,-0.852532561505065
0.07481910274963818,-0.8525325615050651,0.3095513748191027,0.09840810419681616,0.09840810419681617,0.27134587554269163
0.07554269175108537,-0.8518089725036179,0.09840810419681616,0.31751085383502164,0.26193921852387836,0.09840810419681618
0.07554269175108538,-0.8518089725036179,0.09840810419681617,0.26193921852387836,0.3175108538350216,0.0984081041968162
0.07481910274963821,-0.852532561505065,0.27134587554269163,0.09840810419681618,0.0984081041968162,0.3095513748191027
