1.1107427055702919,-0.44376657824933685,-0.33435013262599467,0.513925729442971,-0.44376657824933685,-0.40278514588859415
-0.44376657824933685,0.6165782493368701,-0.28342175066313,-0.44376657824933685,0.5640583554376658,-0.009681697612732125
-0.33435013262599467,-0.28342175066313,1.4779840848806367,-0.33435013262599467,-0.28342175066313,-0.24244031830238733
0.513925729442971,-0.44376657824933685,-0.33435013262599467,1.1107427055702919,-0.44376657824933685,-0.40278514588859415
-0.44376657824933685,0.5640583554376658,-0.28342175066313,-0.44376657824933685,0.61657824933687,-0.009681697612732132
-0.40278514588859415,-0.009681697612732125,-0.24244031830238733,-0.40278514588859415,-0.009681697612732132,1.0673740053050398
