1.0882138517618472,-0.06002430133657347,-0.6194410692588094,0.822843256379101,-0.6121506682867558,-0.6194410692588094
-0.06002430133657347,1.781895504252734,-0.556379100850547,-0.06002430133657347,-0.5490886998784934,-0.556379100850547
-0.6194410692588094,-0.556379100850547,0.6538274605103283,-0.6194410692588094,0.5196840826245444,0.6217496962332929
0.822843256379101,-0.06002430133657347,-0.6194410692588094,1.0882138517618472,-0.6121506682867558,-0.6194410692588094
-0.6121506682867558,-0.5490886998784934,0.5196840826245444,-0.6121506682867558,0.7340218712029163,0.5196840826245444
-0.6194410692588094,-0.556379100850547,0.6217496962332929,-0.6194410692588094,0.5196840826245444,0.6538274605103283
