0.3635371179039302,-0.04733624454148469,0.32895196506550217,-0.047336244541484725,-0.7048471615720524,0.10703056768558952
-0.04733624454148469,0.65646288209607,-0.04733624454148471,0.13139737991266376,-0.661703056768559,-0.031484716157205245
0.32895196506550217,-0.04733624454148471,0.3635371179039301,-0.04733624454148472,-0.7048471615720524,0.10703056768558952
-0.047336244541484725,0.13139737991266376,-0.04733624454148472,0.6564628820960698,-0.661703056768559,-0.03148471615720525
-0.7048471615720524,-0.661703056768559,-0.7048471615720524,-0.661703056768559,3.4220960698689953,-0.6889956331877729
0.10703056768558952,-0.031484716157205245,0.10703056768558952,-0.03148471615720525,-0.6889956331877729,0.5379039301310043
