1.5781250000000007,-0.7839583333333334,-0.7306250000000001,-0.7933333333333334,1.5231250000000007,-0.7933333333333334
-0.7839583333333334,0.6825000000000002,0.1591666666666666,0.36312500000000003,-0.7839583333333334,0.36312500000000003
-0.7306250000000001,0.1591666666666666,1.0025000000000004,0.14979166666666663,-0.7306250000000001,0.1497916666666666
-0.7933333333333334,0.36312500000000003,0.14979166666666663,0.5793750000000001,-0.7933333333333334,0.4943750000000001
1.5231250000000007,-0.7839583333333334,-0.7306250000000001,-0.7933333333333334,1.5781250000000007,-0.7933333333333334
-0.7933333333333334,0.36312500000000003,0.1497916666666666,0.4943750000000001,-0.7933333333333334,0.5793750000000001
