0.3839130434782609,0.03043478260869564,0.03043478260869564,-0.7958695652173912,0.2508695652173913,0.1002173913043478
0.03043478260869564,0.38684782608695656,0.30076086956521747,-0.7896739130434782,0.03043478260869564,0.041195652173913036
0.03043478260869564,0.30076086956521747,0.38684782608695656,-0.7896739130434782,0.03043478260869564,0.04119565217391302
-0.7958695652173912,-0.7896739130434782,-0.7896739130434782,3.9561956521739132,-0.7958695652173913,-0.7851086956521739
0.2508695652173913,0.03043478260869564,0.03043478260869564,-0.7958695652173913,0.3839130434782609,0.1002173913043478
0.1002173913043478,0.041195652173913036,0.04119565217391302,-0.7851086956521739,0.1002173913043478,0.5022826086956522
