0.7415215398716775,0.6689275893675529,-0.524839596700275,-0.5215398716773603,0.1607699358386801,-0.5248395967002749
0.6689275893675529,0.7415215398716775,-0.524839596700275,-0.5215398716773603,0.1607699358386801,-0.524839596700275
-0.524839596700275,-0.524839596700275,1.1132905591200735,0.18936755270394134,-0.4885426214482127,0.2355637030247479
-0.5215398716773603,-0.5215398716773603,0.18936755270394134,1.1495875343721356,-0.4852428964252979,0.18936755270394134
0.1607699358386801,0.1607699358386801,-0.4885426214482127,-0.4852428964252979,1.140788267644363,-0.4885426214482127
-0.5248395967002749,-0.524839596700275,0.2355637030247479,0.18936755270394134,-0.4885426214482127,1.1132905591200735
