0.6184022824536376,-0.03466476462196858,0.5807417974322396,-0.03466476462196857,-0.5649072753209701,-0.56490727532097
-0.03466476462196858,0.6278174037089872,-0.03466476462196858,0.5696148359486447,-0.5640513552068473,-0.5640513552068475
0.5807417974322396,-0.03466476462196858,0.6184022824536376,-0.03466476462196857,-0.5649072753209701,-0.56490727532097
-0.03466476462196857,0.5696148359486447,-0.03466476462196857,0.6278174037089872,-0.5640513552068473,-0.5640513552068473
-0.5649072753209701,-0.5640513552068473,-0.5649072753209701,-0.5640513552068473,1.753780313837375,0.5041369472182597
-0.56490727532097,-0.5640513552068475,-0.56490727532097,-0.5640513552068473,0.5041369472182597,1.753780313837375
