0.39477182100132924,-0.18121400088613204,-0.632609658839167,0.35968099246787777,0.24058484714222422,-0.18121400088613207
-0.18121400088613204,0.8738147984049625,-0.5425786442179885,-0.18121400088613207,-0.17270713336287108,0.2038989809481613
-0.632609658839167,-0.5425786442179885,2.9744793974302177,-0.632609658839167,-0.6241027913159062,-0.5425786442179885
0.35968099246787777,-0.18121400088613207,-0.632609658839167,0.39477182100132924,0.24058484714222422,-0.18121400088613204
0.24058484714222422,-0.17270713336287108,-0.6241027913159062,0.24058484714222422,0.4883473637571999,-0.1727071333628711
-0.18121400088613207,0.2038989809481613,-0.5425786442179885,-0.18121400088613204,-0.1727071333628711,0.8738147984049625
