0.3189578479135776,0.07754712984537172,0.20934124126244436,0.07754712984537172,0.20934124126244436,-0.89273459012921
0.07754712984537172,0.33363694132599025,0.07468756619360303,0.31686083456894726,0.07468756619360303,-0.8774200381275155
0.20934124126244436,0.07468756619360303,0.287502647744122,0.07468756619360303,0.24937513238720607,-0.8955941537809786
0.07754712984537172,0.31686083456894726,0.07468756619360303,0.33363694132599025,0.07468756619360303,-0.8774200381275155
0.20934124126244436,0.07468756619360303,0.24937513238720607,0.07468756619360303,0.287502647744122,-0.8955941537809786
-0.89273459012921,-0.8774200381275155,-0.8955941537809786,-0.8774200381275155,-0.8955941537809786,4.438762973946198
