0.24946186242395887,0.15194197473093124,0.1494618624239588,0.1494618624239588,-0.9374356574637344,0.23710809546092657
0.15194197473093124,0.2915769770706598,0.17005147402901263,0.17005147402901263,-0.9355638745905478,0.15194197473093124
0.1494618624239588,0.17005147402901263,0.26148806738418345,0.20758072063640617,-0.93804398689752,0.1494618624239588
0.1494618624239588,0.17005147402901263,0.20758072063640617,0.26148806738418345,-0.93804398689752,0.1494618624239588
-0.9374356574637344,-0.9355638745905478,-0.93804398689752,-0.93804398689752,4.686523163313055,-0.9374356574637344
0.23710809546092657,0.15194197473093124,0.1494618624239588,0.1494618624239588,-0.9374356574637344,0.24946186242395887
