0.2701850582590815,-0.927621658670322,0.1799177518848526,0.1488005483207676,0.17991775188485262,0.1488005483207676
-0.927621658670322,4.629335161069226,-0.9290610006854009,-0.9217957505140506,-0.9290610006854009,-0.9217957505140506
0.1799177518848526,-0.9290610006854009,0.25435229609321447,0.1473612063056888,0.2000685400959561,0.1473612063056888
0.1488005483207676,-0.9217957505140506,0.1473612063056888,0.29588759424263195,0.1473612063056888,0.18238519533927344
0.17991775188485262,-0.9290610006854009,0.2000685400959561,0.1473612063056888,0.25435229609321447,0.1473612063056888
0.1488005483207676,-0.9217957505140506,0.1473612063056888,0.18238519533927344,0.1473612063056888,0.2958875942426319
