0.6468776019983348,0.3373855120732722,-0.8184013322231476,0.3373855120732722,-0.8184013322231476,0.3151540383014155
0.3373855120732722,0.5397169025811823,-0.8281432139883432,0.4737718567860117,-0.8281432139883432,0.3054121565362198
-0.8184013322231476,-0.8281432139883432,1.7894254787676942,-0.8281432139883432,1.4956702747710249,-0.8104079933388845
0.3373855120732722,0.4737718567860117,-0.8281432139883432,0.5397169025811823,-0.8281432139883432,0.3054121565362198
-0.8184013322231476,-0.8281432139883432,1.4956702747710249,-0.8281432139883432,1.7894254787676942,-0.8104079933388845
0.3151540383014155,0.3054121565362198,-0.8104079933388845,0.3054121565362198,-0.8104079933388845,0.6948376353039134
