0.35955056179775274,0.20674157303370783,0.2853932584269662,-0.41348314606741576,0.15280898876404492,-0.5910112359550562
0.20674157303370783,0.4213483146067415,0.20674157303370783,-0.40786516853932586,0.1584269662921348,-0.5853932584269663
0.2853932584269662,0.20674157303370783,0.35955056179775274,-0.41348314606741576,0.1528089887640449,-0.5910112359550562
-0.41348314606741576,-0.40786516853932586,-0.41348314606741576,1.8235955056179778,-0.3943820224719101,-0.19438202247191005
0.15280898876404492,0.1584269662921348,0.1528089887640449,-0.3943820224719101,0.5022471910112358,-0.5719101123595505
-0.5910112359550562,-0.5853932584269663,-0.5910112359550562,-0.19438202247191005,-0.5719101123595505,2.5337078651685396
