1.2875659630606868,-0.5862467018469658,-0.6639841688654355,-0.6639841688654354,-0.6347955145118734,1.2614445910290244
-0.5862467018469658,1.2381926121372033,-0.031629287598944685,-0.031629287598944664,-0.002440633245382658,-0.5862467018469658
-0.6639841688654355,-0.031629287598944685,0.6198878627968339,0.5771437994722955,0.162565963060686,-0.6639841688654355
-0.6639841688654354,-0.031629287598944664,0.5771437994722955,0.6198878627968339,0.16256596306068602,-0.6639841688654354
-0.6347955145118734,-0.002440633245382658,0.162565963060686,0.16256596306068602,0.9468997361477576,-0.6347955145118734
1.2614445910290244,-0.5862467018469658,-0.6639841688654355,-0.6639841688654354,-0.6347955145118734,1.2875659630606868
