0.5206557377049179,0.4881967213114753,0.40594262295081956,-0.9103688524590162,0.40594262295081956,-0.9103688524590163
0.4881967213114753,0.5206557377049179,0.40594262295081956,-0.9103688524590162,0.40594262295081956,-0.9103688524590163
0.40594262295081956,0.40594262295081956,0.5490573770491802,-0.9077868852459015,0.4546311475409835,-0.9077868852459016
-0.9103688524590162,-0.9103688524590162,-0.9077868852459015,1.9302868852459019,-0.9077868852459015,1.7060245901639346
0.40594262295081956,0.40594262295081956,0.4546311475409835,-0.9077868852459015,0.5490573770491802,-0.9077868852459016
-0.9103688524590163,-0.9103688524590163,-0.9077868852459016,1.7060245901639346,-0.9077868852459016,1.9302868852459019
