0.9482202820685025,-0.3746138347884487,-0.31477501678979186,-0.2957018132975151,-0.3746138347884487,0.4114842175957019
-0.3746138347884487,0.6661517797179315,-0.22478173270651444,-0.30510409670920086,0.612961719274681,-0.3746138347884487
-0.31477501678979186,-0.22478173270651444,1.3243787777031566,-0.24526527871054402,-0.22478173270651444,-0.3147750167897919
-0.2957018132975151,-0.30510409670920086,-0.24526527871054402,1.4468770987239759,-0.30510409670920086,-0.2957018132975151
-0.3746138347884487,0.612961719274681,-0.22478173270651444,-0.30510409670920086,0.6661517797179315,-0.3746138347884487
0.4114842175957019,-0.3746138347884487,-0.3147750167897919,-0.2957018132975151,-0.3746138347884487,0.9482202820685025
