0.4215755855216466,0.11795599716110715,0.3653655074520937,-0.6848828956706886,-0.11000709723207948,-0.11000709723207949
0.11795599716110715,0.61596877217885,0.11795599716110712,-0.667210787792761,-0.09233498935415187,-0.09233498935415188
0.3653655074520937,0.11795599716110712,0.42157558552164653,-0.6848828956706886,-0.11000709723207948,-0.11000709723207949
-0.6848828956706886,-0.667210787792761,-0.6848828956706886,3.3276792051100066,-0.6453513129879349,-0.6453513129879349
-0.11000709723207948,-0.09233498935415187,-0.11000709723207948,-0.6453513129879349,0.6066004258339247,0.3511000709723208
-0.11000709723207949,-0.09233498935415188,-0.11000709723207949,-0.6453513129879349,0.3511000709723208,0.6066004258339247
