0.32297756628144114,0.19816451393609785,-0.8972127804214821,0.12372535690006793,0.12372535690006793,0.1286199864038069
0.19816451393609785,0.32297756628144114,-0.8972127804214821,0.12372535690006793,0.12372535690006793,0.1286199864038069
-0.8972127804214821,-0.8972127804214821,4.507171991842283,-0.9058803535010196,-0.9058803535010197,-0.9009857239972807
0.12372535690006793,0.12372535690006793,-0.9058803535010196,0.26230455472467706,0.2353840924541128,0.16074099252209378
0.12372535690006793,0.12372535690006793,-0.9058803535010197,0.2353840924541128,0.26230455472467706,0.16074099252209378
0.1286199864038069,0.1286199864038069,-0.9009857239972807,0.16074099252209378,0.16074099252209378,0.32226376614547925
