0.5824489795918368,-0.701924198250729,0.12110787172011658,0.5362682215743442,0.16402332361516028,-0.701924198250729
-0.701924198250729,1.5104373177842572,-0.6646064139941693,-0.7019241982507289,-0.6753352769679302,1.233352769679301
0.12110787172011658,-0.6646064139941693,0.9393002915451897,0.12110787172011658,0.1476967930029154,-0.6646064139941693
0.5362682215743442,-0.7019241982507289,0.12110787172011658,0.5824489795918368,0.1640233236151603,-0.7019241982507289
0.16402332361516028,-0.6753352769679302,0.1476967930029154,0.1640233236151603,0.8749271137026241,-0.6753352769679302
-0.701924198250729,1.233352769679301,-0.6646064139941693,-0.7019241982507289,-0.6753352769679302,1.5104373177842572
