0.6357328707718994,-0.0903729401561145,-0.07996530789245446,0.28603642671292284,-0.6610581092801388,-0.0903729401561145
-0.0903729401561145,0.391153512575889,0.17675628794449263,-0.0903729401561145,-0.7096270598438855,0.32246313963573286
-0.07996530789245446,0.17675628794449263,0.5056374674761491,-0.07996530789245446,-0.6992194275802255,0.17675628794449263
0.28603642671292284,-0.0903729401561145,-0.07996530789245446,0.6357328707718994,-0.6610581092801388,-0.0903729401561145
-0.6610581092801388,-0.7096270598438855,-0.6992194275802255,-0.6610581092801388,3.440589765828274,-0.7096270598438855
-0.0903729401561145,0.32246313963573286,0.17675628794449263,-0.0903729401561145,-0.7096270598438855,0.391153512575889
