0.8908108108108108,0.8518918918918921,0.7053562653562654,-0.8171990171990169,-0.8171990171990169,-0.8136609336609334
0.8518918918918921,0.8908108108108108,0.7053562653562654,-0.8171990171990169,-0.8171990171990169,-0.8136609336609334
0.7053562653562654,0.7053562653562654,1.0059459459459459,-0.8067321867321866,-0.8067321867321866,-0.8031941031941031
-0.8171990171990169,-0.8171990171990169,-0.8067321867321866,1.0607862407862405,0.7105159705159706,0.6698280098280098
-0.8171990171990169,-0.8171990171990169,-0.8067321867321866,0.7105159705159706,1.0607862407862407,0.6698280098280098
-0.8136609336609334,-0.8136609336609334,-0.8031941031941031,0.6698280098280098,0.6698280098280098,1.0908599508599504
