0.6616720955483172,-0.11096634093376773,-0.5231270358306189,-0.5231270358306189,-0.12312703583061897,0.6186753528773073
-0.11096634093376773,1.2349619978284474,-0.47100977198697075,-0.47100977198697064,-0.07100977198697075,-0.11096634093376773
-0.5231270358306189,-0.47100977198697075,1.0942453854505974,0.8909880564603693,-0.4679695982627579,-0.5231270358306189
-0.5231270358306189,-0.47100977198697064,0.8909880564603693,1.0942453854505974,-0.4679695982627579,-0.5231270358306189
-0.12312703583061897,-0.07100977198697075,-0.4679695982627579,-0.4679695982627579,1.2532030401737244,-0.12312703583061897
0.6186753528773073,-0.11096634093376773,-0.5231270358306189,-0.5231270358306189,-0.12312703583061897,0.6616720955483172
