0.2985583224115334,0.19475753604193968,0.014285714285714235,0.17418086500655305,-0.8559633027522936,0.17418086500655305
0.19475753604193968,0.2985583224115334,0.014285714285714207,0.17418086500655305,-0.8559633027522936,0.17418086500655305
0.014285714285714235,0.014285714285714207,0.6941022280471822,0.011402359108781068,-0.745478374836173,0.011402359108781068
0.17418086500655305,0.17418086500655305,0.011402359108781068,0.2668414154652686,-0.8588466579292268,0.23224115334207074
-0.8559633027522936,-0.8559633027522936,-0.745478374836173,-0.8588466579292268,4.175098296199213,-0.8588466579292268
0.17418086500655305,0.17418086500655305,0.011402359108781068,0.23224115334207074,-0.8588466579292268,0.2668414154652686
