0.5708438605356241,-0.41106619504800407,0.530823648307226,0.11849418898433552,-0.40454775138959065,-0.40454775138959076
-0.41106619504800407,1.8305709954522489,-0.41106619504800407,-0.3822637695805963,-0.3130874178878222,-0.3130874178878222
0.530823648307226,-0.41106619504800407,0.5708438605356241,0.1184941889843355,-0.4045477513895907,-0.40454775138959076
0.11849418898433552,-0.3822637695805963,0.1184941889843355,0.896766043456291,-0.3757453259221829,-0.3757453259221829
-0.40454775138959065,-0.3130874178878222,-0.4045477513895907,-0.3757453259221829,1.0654876200101062,0.4324406265790804
-0.40454775138959076,-0.3130874178878222,-0.40454775138959076,-0.3757453259221829,0.4324406265790804,1.065487620010106
