1.093286219081272,-0.146643109540636,-0.1342756183745583,-0.5286219081272083,-0.14664310954063606,-0.1371024734982332
-0.146643109540636,0.31466431095406355,0.13480565371024733,-0.7286219081272084,0.27968197879858653,0.14611307420494696
-0.1342756183745583,0.13480565371024733,0.4365724381625441,-0.7162544169611307,0.13480565371024733,0.14434628975265015
-0.5286219081272083,-0.7286219081272084,-0.7162544169611307,3.4212014134275615,-0.7286219081272084,-0.7190812720848055
-0.14664310954063606,0.27968197879858653,0.13480565371024733,-0.7286219081272084,0.31466431095406355,0.14611307420494696
-0.1371024734982332,0.14611307420494696,0.14434628975265015,-0.7190812720848055,0.14611307420494696,0.4196113074204946
