0.511499999999996 -0.541600000000002 -0.565600000000001 0.486299999999996 -0.268900000000001 0.378299999999997
-0.541600000000002 1.36800000000001 0.602399999999999 -0.545200000000002 -0.347400000000001 -0.536200000000002
-0.565600000000001 0.602399999999999 1.46400000000001 -0.569200000000001 -0.371400000000001 -0.560200000000001
0.486299999999996 -0.545200000000002 -0.569200000000001 0.525899999999997 -0.272500000000001 0.374699999999997
-0.268900000000001 -0.347400000000001 -0.371400000000001 -0.272500000000001 1.52370000000001 -0.263500000000001
0.378299999999997 -0.536200000000002 -0.560200000000001 0.374699999999997 -0.263500000000001 0.6069
