0.688500000000001 0.636900000000001 -0.6385 -0.658 0.6327 -0.661599999999999
0.636900000000001 0.664500000000001 -0.6325 -0.652 0.638700000000001 -0.655599999999999
-0.6385 -0.6325 1.9206 -0.00690000000000001 -0.6322 -0.0105
-0.658 -0.652 -0.00690000000000001 1.02210000000001 -0.6517 0.946500000000004
0.6327 0.638700000000001 -0.6322 -0.6517 0.667800000000001 -0.655299999999999
-0.661599999999999 -0.655599999999999 -0.0105 0.946500000000004 -0.655299999999999 1.03650000000001
