3.80849999999999 -0.772899999999998 -0.749399999999998 -0.750599999999998 -0.777699999999998 -0.757899999999999
-0.772899999999998 0.461099999999994 0.0331999999999996 0.0319999999999995 0.189899999999997 0.0567000000000015
-0.749399999999998 0.0331999999999996 0.345599999999994 0.293999999999995 0.0283999999999996 0.0482000000000013
-0.750599999999998 0.0319999999999995 0.293999999999995 0.350399999999994 0.0271999999999996 0.0470000000000013
-0.777699999999998 0.189899999999997 0.0283999999999996 0.0271999999999996 0.480299999999993 0.0519000000000011
-0.757899999999999 0.0567000000000015 0.0482000000000013 0.0470000000000013 0.0519000000000011 0.554099999999997
