3.5654 -0.6553 -0.7438 -0.6565 -0.7549 -0.7549
-0.6553 0.578899999999999 -0.133299999999999 0.498499999999994 -0.144399999999999 -0.144399999999999
-0.7438 -0.133299999999999 0.445399999999995 -0.134499999999999 0.283099999999996 0.283099999999996
-0.6565 0.498499999999994 -0.134499999999999 0.583699999999999 -0.145599999999999 -0.145599999999999
-0.7549 -0.144399999999999 0.283099999999996 -0.145599999999999 0.413299999999995 0.348499999999995
-0.7549 -0.144399999999999 0.283099999999996 -0.145599999999999 0.348499999999995 0.413299999999995
