2.0771 1.3091 -0.853299999999999 -0.841599999999999 -0.841599999999999 -0.849699999999999
1.3091 2.0675 -0.850899999999999 -0.839199999999999 -0.839199999999999 -0.847299999999999
-0.853299999999999 -0.850899999999999 0.487099999999998 0.412399999999998 0.412399999999998 0.392299999999999
-0.841599999999999 -0.839199999999999 0.412399999999998 0.435799999999998 0.428599999999998 0.403999999999998
-0.841599999999999 -0.839199999999999 0.412399999999998 0.428599999999998 0.435799999999998 0.403999999999998
-0.849699999999999 -0.847299999999999 0.392299999999999 0.403999999999998 0.403999999999998 0.496699999999998
