0.692500000000003 0.342699999999997 -0.541300000000002 -0.540400000000001 -0.551200000000002 0.5977
0.342699999999997 0.920800000000008 -0.532000000000002 -0.531100000000001 -0.541900000000001 0.341499999999997
-0.541300000000002 -0.532000000000002 1.25680000000001 0.1849 0.1741 -0.542500000000002
-0.540400000000001 -0.531100000000001 0.1849 1.19470000000001 0.233499999999999 -0.541600000000001
-0.551200000000002 -0.541900000000001 0.1741 0.233499999999999 1.23790000000001 -0.552400000000002
0.5977 0.341499999999997 -0.542500000000002 -0.541600000000001 -0.552400000000002 0.697300000000003
