0.431199999999997 0.316399999999998 -0.781599999999997 0.428799999999997 -0.756399999999997 0.361599999999998
0.316399999999998 0.570399999999999 -0.772399999999998 0.313999999999998 -0.747199999999998 0.318799999999998
-0.781599999999997 -0.772399999999998 2.08240000000001 -0.783999999999997 1.0348 -0.779199999999998
0.428799999999997 0.313999999999998 -0.783999999999997 0.440799999999997 -0.758799999999997 0.359199999999998
-0.756399999999997 -0.747199999999998 1.0348 -0.758799999999997 1.98160000000001 -0.753999999999997
0.361599999999998 0.318799999999998 -0.779199999999998 0.359199999999998 -0.753999999999997 0.493599999999997
