0.351999999999995 -0.778599999999999 0.309999999999995 -0.0531999999999995 -0.062799999999999 0.232599999999996
-0.778599999999999 3.79209999999999 -0.777399999999999 -0.7241 -0.733699999999999 -0.778299999999999
0.309999999999995 -0.777399999999999 0.347199999999995 -0.0519999999999999 -0.0615999999999991 0.233799999999996
-0.0531999999999995 -0.7241 -0.0519999999999999 0.521499999999995 0.360699999999995 -0.0528999999999996
-0.062799999999999 -0.733699999999999 -0.0615999999999991 0.360699999999995 0.559899999999998 -0.0624999999999989
0.232599999999996 -0.778299999999999 0.233799999999996 -0.0528999999999996 -0.0624999999999989 0.427299999999994
