0.846400000000007 0.0937000000000007 0.0985000000000008 -0.398800000000002 -0.321700000000002 -0.318100000000003
0.0937000000000007 0.540699999999996 0.394299999999995 -0.395500000000003 -0.318400000000003 -0.314800000000004
0.0985000000000008 0.394299999999995 0.521499999999995 -0.390700000000003 -0.313600000000003 -0.310000000000003
-0.398800000000002 -0.395500000000003 -0.390700000000003 1.90720000000001 -0.362900000000002 -0.359300000000002
-0.321700000000002 -0.318400000000003 -0.313600000000003 -0.362900000000002 1.09930000000001 0.217299999999998
-0.318100000000003 -0.314800000000004 -0.310000000000003 -0.359300000000002 0.217299999999998 1.08490000000001
