0.616300000000002 -0.473200000000003 0.5623 -0.451900000000001 -0.484000000000003 0.230499999999999
-0.473200000000003 0.922900000000007 -0.469600000000003 -0.329300000000001 0.804100000000006 -0.454900000000003
0.5623 -0.469600000000003 0.601900000000001 -0.448300000000001 -0.480400000000003 0.234099999999998
-0.451900000000001 -0.329300000000001 -0.448300000000001 2.0032 -0.340100000000001 -0.4336
-0.484000000000003 0.804100000000006 -0.480400000000003 -0.340100000000001 0.966100000000008 -0.465700000000003
0.230499999999999 -0.454900000000003 0.234099999999998 -0.4336 -0.465700000000003 0.889600000000006
