0.801200000000002 -0.780399999999998 -0.7018 0.686600000000001 -0.781599999999999 0.776000000000002
-0.780399999999998 1.0319 0.3419 -0.789699999999998 0.973100000000003 -0.776799999999998
-0.7018 0.3419 1.4285 -0.7111 0.3407 -0.6982
0.686600000000001 -0.789699999999998 -0.7111 0.914900000000002 -0.790899999999999 0.690200000000001
-0.781599999999999 0.973100000000003 0.3407 -0.790899999999999 1.0367 -0.777999999999998
0.776000000000002 -0.776799999999998 -0.6982 0.690200000000001 -0.777999999999998 0.786800000000002
