1.45370000000002 -0.284200000000003 -0.271000000000002 -0.276700000000001 -0.316300000000003 -0.305500000000003
-0.284200000000003 0.683300000000006 0.106100000000001 -0.502600000000003 -0.00670000000000041 0.00409999999999977
-0.271000000000002 0.106100000000001 0.630500000000002 -0.489400000000002 0.00650000000000004 0.0173
-0.276700000000001 -0.502600000000003 -0.489400000000002 2.32730000000001 -0.534700000000002 -0.523900000000003
-0.316300000000003 -0.00670000000000041 0.00650000000000004 -0.534700000000002 0.474199999999994 0.376999999999995
-0.305500000000003 0.00409999999999977 0.0173 -0.523900000000003 0.376999999999995 0.430999999999995
