0.865100000000007 -0.412000000000003 -0.352300000000002 -0.414400000000003 0.748700000000004 -0.435100000000001
-0.412000000000003 0.6071 0.0737000000000006 0.583099999999999 -0.398800000000003 -0.453100000000001
-0.352300000000002 0.0737000000000006 0.939800000000006 0.0713000000000005 -0.339100000000002 -0.3934
-0.414400000000003 0.583099999999999 0.0713000000000005 0.6167 -0.401200000000003 -0.455500000000001
0.748700000000004 -0.398800000000003 -0.339100000000002 -0.401200000000003 0.812300000000005 -0.421900000000001
-0.435100000000001 -0.453100000000001 -0.3934 -0.455500000000001 -0.421900000000001 2.159
