0.892800000000007 0.776400000000005 -0.478000000000004 -0.402400000000003 -0.300000000000001 -0.488800000000004
0.776400000000005 0.868800000000007 -0.472000000000004 -0.396400000000003 -0.294000000000001 -0.482800000000004
-0.478000000000004 -0.472000000000004 0.746400000000004 0.0732000000000006 -0.396400000000001 0.526799999999997
-0.402400000000003 -0.396400000000003 0.0732000000000006 0.984000000000007 -0.320800000000001 0.0624000000000004
-0.300000000000001 -0.294000000000001 -0.396400000000001 -0.320800000000001 1.71840000000001 -0.407200000000001
-0.488800000000004 -0.482800000000004 0.526799999999997 0.0624000000000004 -0.407200000000001 0.789600000000006
