0.614 -0.141399999999999 -0.191800000000001 -0.550600000000001 -0.140199999999999 0.409999999999995
-0.141399999999999 0.507199999999994 -0.1606 -0.519400000000002 0.457999999999994 -0.143799999999999
-0.191800000000001 -0.1606 1.15880000000001 -0.452800000000001 -0.1594 -0.194200000000001
-0.550600000000001 -0.519400000000002 -0.452800000000001 2.594 -0.518200000000002 -0.553000000000001
-0.140199999999999 0.457999999999994 -0.1594 -0.518200000000002 0.502399999999994 -0.142599999999999
0.409999999999995 -0.143799999999999 -0.194200000000001 -0.553000000000001 -0.142599999999999 0.623600000000001
