0.486199999999996 0.406999999999997 -0.6484 -0.627999999999999 0.282799999999998 0.100400000000001
0.406999999999997 0.486199999999996 -0.6484 -0.627999999999999 0.282799999999998 0.100400000000001
-0.6484 -0.6484 1.86830000000001 0.643100000000001 -0.6241 -0.590500000000001
-0.627999999999999 -0.627999999999999 0.643100000000001 1.78670000000001 -0.603699999999999 -0.5701
0.282799999999998 0.282799999999998 -0.6241 -0.603699999999999 0.537499999999997 0.124700000000001
0.100400000000001 0.100400000000001 -0.590500000000001 -0.5701 0.124700000000001 0.835100000000005
