0.917500000000005 -0.633999999999999 -0.631599999999999 0.875500000000004 0.0991000000000002 -0.6265
-0.633999999999999 0.791200000000003 0.649600000000001 -0.632799999999999 -0.6082 0.434199999999998
-0.631599999999999 0.649600000000001 0.781600000000003 -0.630399999999999 -0.6058 0.436599999999998
0.875500000000004 -0.632799999999999 -0.630399999999999 0.912700000000005 0.1003 -0.6253
0.0991000000000002 -0.6082 -0.6058 0.1003 1.6153 -0.6007
-0.6265 0.434199999999998 0.436599999999998 -0.6253 -0.6007 0.981700000000004
