1.11270000000001 -0.5727 0.00139999999999994 0.0263 -0.00100000000000008 -0.5667
-0.5727 1.65690000000001 -0.690399999999998 -0.665499999999999 -0.692799999999998 0.964500000000003
0.00139999999999994 -0.690399999999998 0.527999999999998 0.384599999999998 0.460799999999997 -0.684399999999999
0.0263 -0.665499999999999 0.384599999999998 0.531899999999998 0.382199999999998 -0.659499999999999
-0.00100000000000008 -0.692799999999998 0.460799999999997 0.382199999999998 0.537599999999998 -0.686799999999999
-0.5667 0.964500000000003 -0.684399999999999 -0.659499999999999 -0.686799999999999 1.63290000000001
