0.423799999999995 0.080000000000001 0.271399999999996 -0.122799999999999 -0.725199999999999 0.0728000000000009
0.080000000000001 0.370699999999994 0.078800000000001 -0.0948999999999988 -0.697299999999998 0.262699999999996
0.271399999999996 0.078800000000001 0.428599999999994 -0.123999999999999 -0.726399999999998 0.0716000000000009
-0.122799999999999 -0.0948999999999988 -0.123999999999999 0.983900000000011 -0.5401 -0.102099999999999
-0.725199999999999 -0.697299999999998 -0.726399999999998 -0.5401 3.39349999999999 -0.704499999999999
0.0728000000000009 0.262699999999996 0.0716000000000009 -0.102099999999999 -0.704499999999999 0.399499999999994
