0.616400000000001 -0.0328000000000002 0.571999999999999 -0.0364000000000002 -0.551800000000001 -0.5674
-0.0328000000000002 0.6041 -0.0268000000000002 0.557299999999998 -0.543100000000001 -0.558700000000001
0.571999999999999 -0.0268000000000002 0.592399999999999 -0.0304000000000002 -0.545800000000001 -0.561400000000001
-0.0364000000000002 0.557299999999998 -0.0304000000000002 0.6185 -0.546700000000001 -0.5623
-0.551800000000001 -0.543100000000001 -0.545800000000001 -0.546700000000001 1.75310000000001 0.4343
-0.5674 -0.558700000000001 -0.561400000000001 -0.5623 0.4343 1.81550000000001
