2.18540000000001 -0.539800000000002 -0.0693999999999999 -0.522400000000002 -0.510400000000003 -0.543400000000002
-0.539800000000002 0.379999999999996 -0.533800000000001 0.1562 0.168199999999999 0.369199999999996
-0.0693999999999999 -0.533800000000001 2.16140000000001 -0.516400000000003 -0.504400000000003 -0.537400000000001
-0.522400000000002 0.1562 -0.516400000000003 0.463399999999995 0.266599999999997 0.1526
-0.510400000000003 0.168199999999999 -0.504400000000003 0.266599999999997 0.415399999999995 0.164599999999999
-0.543400000000002 0.369199999999996 -0.537400000000001 0.1526 0.164599999999999 0.394399999999995
