0.373399999999995 -0.1456 -0.647199999999999 0.351799999999995 0.250399999999997 -0.182800000000001
-0.1456 0.777500000000009 -0.534100000000001 -0.1456 -0.152500000000001 0.200299999999998
-0.647199999999999 -0.534100000000001 3.05389999999999 -0.6472 -0.654099999999999 -0.571300000000001
0.351799999999995 -0.1456 -0.6472 0.373399999999994 0.250399999999997 -0.182800000000001
0.250399999999997 -0.152500000000001 -0.654099999999999 0.250399999999997 0.495499999999993 -0.189700000000002
-0.182800000000001 0.200299999999998 -0.571300000000001 -0.182800000000001 -0.189700000000002 0.926300000000012
