0.565899999999999 -0.821199999999998 -0.834399999999998 0.2003 0.384699999999999 0.504699999999999
-0.821199999999998 1.6666 1.5238 -0.758 -0.793599999999999 -0.817599999999998
-0.834399999999998 1.5238 1.7194 -0.771199999999999 -0.806799999999998 -0.830799999999998
0.2003 -0.758 -0.771199999999999 0.897100000000001 0.2279 0.2039
0.384699999999999 -0.793599999999999 -0.806799999999998 0.2279 0.5995 0.388299999999999
0.504699999999999 -0.817599999999998 -0.830799999999998 0.2039 0.388299999999999 0.551499999999999
