2.9023 -0.6649 -0.6413 -0.6688 -0.6736 -0.2537
-0.6649 0.399099999999995 0.183499999999999 0.207999999999998 0.203199999999998 -0.328900000000003
-0.6413 0.183499999999999 0.408699999999994 0.179599999999999 0.174799999999999 -0.305300000000003
-0.6688 0.207999999999998 0.179599999999999 0.356199999999995 0.257799999999997 -0.332800000000004
-0.6736 0.203199999999998 0.174799999999999 0.257799999999997 0.375399999999995 -0.337600000000004
-0.2537 -0.328900000000003 -0.305300000000003 -0.332800000000004 -0.337600000000004 1.55830000000002
