1.0479 0.480899999999999 -0.740799999999998 -0.743199999999998 0.672300000000001 -0.717099999999999
0.480899999999999 1.2378 -0.739899999999999 -0.742299999999999 0.479699999999999 -0.716199999999999
-0.740799999999998 -0.739899999999999 0.827100000000003 0.817500000000003 -0.741999999999998 0.5781
-0.743199999999998 -0.742299999999999 0.817500000000003 0.836700000000003 -0.744399999999998 0.5757
0.672300000000001 0.479699999999999 -0.741999999999998 -0.744399999999998 1.0527 -0.718299999999999
-0.717099999999999 -0.716199999999999 0.5781 0.5757 -0.718299999999999 0.997800000000004
