0.547899999999999 -0.831999999999998 -0.821199999999998 0.323899999999999 0.388299999999999 0.393099999999999
-0.831999999999998 1.891 1.4554 -0.823999999999999 -0.847599999999998 -0.842799999999998
-0.821199999999998 1.4554 1.8478 -0.813199999999999 -0.836799999999998 -0.831999999999998
0.323899999999999 -0.823999999999999 -0.813199999999999 0.691900000000001 0.308299999999999 0.313099999999999
0.388299999999999 -0.847599999999998 -0.836799999999998 0.308299999999999 0.520299999999999 0.467499999999999
0.393099999999999 -0.842799999999998 -0.831999999999998 0.313099999999999 0.467499999999999 0.501099999999998
