0.459799999999994 -0.0852999999999992 -0.615699999999999 0.406999999999995 -0.0768999999999994 -0.088899999999999
-0.0852999999999992 0.623299999999999 -0.5992 -0.0804999999999992 0.214099999999998 -0.0723999999999992
-0.615699999999999 -0.5992 2.99689999999999 -0.610899999999999 -0.5908 -0.5803
0.406999999999995 -0.0804999999999992 -0.610899999999999 0.440599999999994 -0.0720999999999994 -0.084099999999999
-0.0768999999999994 0.214099999999998 -0.5908 -0.0720999999999994 0.589699999999999 -0.0639999999999993
-0.088899999999999 -0.0723999999999992 -0.5803 -0.084099999999999 -0.0639999999999993 0.889700000000011
