2.07640000000001 0.285999999999999 -0.5956 -0.5824 -0.5816 -0.6028
0.285999999999999 2.03800000000001 -0.586 -0.5728 -0.572000000000001 -0.593199999999999
-0.5956 -0.586 0.375399999999996 0.280599999999997 0.1574 0.368199999999996
-0.5824 -0.5728 0.280599999999997 0.430599999999996 0.170599999999999 0.273399999999997
-0.5816 -0.572000000000001 0.1574 0.170599999999999 0.675400000000003 0.1502
-0.6028 -0.593199999999999 0.368199999999996 0.273399999999997 0.1502 0.404199999999996
