2.91699999999999 -0.521300000000001 -0.485300000000001 -0.638499999999999 -0.636999999999999 -0.634899999999999
-0.521300000000001 1.05970000000001 0.0228999999999997 -0.188800000000002 -0.187300000000002 -0.185200000000001
-0.485300000000001 0.0228999999999997 0.91570000000001 -0.152799999999999 -0.151299999999999 -0.149199999999999
-0.638499999999999 -0.188800000000002 -0.152799999999999 0.374499999999995 0.299499999999995 0.306099999999995
-0.636999999999999 -0.187300000000002 -0.151299999999999 0.299499999999995 0.372999999999994 0.303099999999995
-0.634899999999999 -0.185200000000001 -0.149199999999999 0.306099999999995 0.303099999999995 0.360099999999995
