1.19270000000002 -0.212800000000002 -0.211600000000002 -0.411700000000001 -0.195100000000001 -0.1615
-0.212800000000002 0.373699999999994 0.302899999999995 -0.665199999999998 0.143900000000001 0.0575000000000009
-0.211600000000002 0.302899999999995 0.368899999999994 -0.663999999999998 0.145100000000001 0.0587000000000011
-0.411700000000001 -0.665199999999998 -0.663999999999998 3.00229999999999 -0.647499999999998 -0.6139
-0.195100000000001 0.143900000000001 0.145100000000001 -0.647499999999998 0.478399999999994 0.0752000000000012
-0.1615 0.0575000000000009 0.0587000000000011 -0.6139 0.0752000000000012 0.583999999999997
