0.456399999999995 -0.5914 -0.300400000000004 -0.299200000000004 0.375999999999996 0.358599999999996
-0.5914 2.7145 -0.479300000000001 -0.478100000000001 -0.5854 -0.5803
-0.300400000000004 -0.479300000000001 0.983500000000013 0.379899999999996 -0.294400000000004 -0.289300000000003
-0.299200000000004 -0.478100000000001 0.379899999999996 0.97870000000001 -0.293200000000003 -0.288100000000003
0.375999999999996 -0.5854 -0.294400000000004 -0.293200000000003 0.432399999999995 0.364599999999996
0.358599999999996 -0.5803 -0.289300000000003 -0.288100000000003 0.364599999999996 0.434499999999995
