1.03550000000001 0.593899999999999 -0.722799999999998 -0.725199999999999 -0.705699999999999 0.524299999999999
0.593899999999999 0.987500000000005 -0.710799999999998 -0.713199999999999 -0.693699999999999 0.536299999999999
-0.722799999999998 -0.710799999999998 0.906800000000005 0.731600000000002 0.512599999999998 -0.717399999999998
-0.725199999999999 -0.713199999999999 0.731600000000002 0.916400000000004 0.510199999999998 -0.719799999999999
-0.705699999999999 -0.693699999999999 0.512599999999998 0.510199999999998 1.0769 -0.700299999999999
0.524299999999999 0.536299999999999 -0.717399999999998 -0.719799999999999 -0.700299999999999 1.07690000000001
