1.40230000000001 -0.745599999999998 -0.746799999999998 -0.720099999999999 1.39270000000001 -0.5825
-0.745599999999998 0.5866 0.571 0.395199999999999 -0.747999999999998 -0.0591999999999999
-0.746799999999998 0.571 0.5914 0.393999999999999 -0.749199999999998 -0.0603999999999999
-0.720099999999999 0.395199999999999 0.393999999999999 0.687100000000001 -0.722499999999999 -0.0337
1.39270000000001 -0.747999999999998 -0.749199999999998 -0.722499999999999 1.41190000000001 -0.5849
-0.5825 -0.0591999999999999 -0.0603999999999999 -0.0337 -0.5849 1.3207
