0.338199999999994 0.201399999999997 -0.908 0.119600000000002 0.118400000000002 0.130400000000001
0.201399999999997 0.309399999999994 -0.900799999999999 0.126800000000002 0.125600000000002 0.137600000000001
-0.908 -0.900799999999999 4.5175 -0.906099999999999 -0.907299999999999 -0.8953
0.119600000000002 0.126800000000002 -0.906099999999999 0.261099999999996 0.238299999999996 0.160299999999999
0.118400000000002 0.125600000000002 -0.907299999999999 0.238299999999996 0.265899999999995 0.159099999999999
0.130400000000001 0.137600000000001 -0.8953 0.160299999999999 0.159099999999999 0.307899999999995
