0.659700000000002 -0.096399999999999 -0.0870999999999992 0.306899999999996 -0.6855 -0.097599999999999
-0.096399999999999 0.379799999999994 0.191999999999998 -0.0819999999999987 -0.714399999999999 0.320999999999995
-0.0870999999999992 0.191999999999998 0.482099999999994 -0.072699999999999 -0.705099999999999 0.190799999999998
0.306899999999996 -0.0819999999999987 -0.072699999999999 0.6021 -0.671099999999999 -0.0831999999999987
-0.6855 -0.714399999999999 -0.705099999999999 -0.671099999999999 3.49169999999999 -0.715599999999999
-0.097599999999999 0.320999999999995 0.190799999999998 -0.0831999999999987 -0.715599999999999 0.384599999999995
