0.562699999999997 0.100400000000001 -0.730899999999999 -0.0157 -0.0157 0.0992000000000011
0.100400000000001 0.427399999999995 -0.761199999999999 -0.046 -0.0459999999999999 0.325399999999995
-0.730899999999999 -0.761199999999999 3.69709999999999 -0.721299999999999 -0.721299999999999 -0.762399999999999
-0.0157 -0.046 -0.721299999999999 0.440299999999994 0.389899999999995 -0.0472
-0.0157 -0.0459999999999999 -0.721299999999999 0.389899999999995 0.440299999999994 -0.0472
0.0992000000000011 0.325399999999995 -0.762399999999999 -0.0472 -0.0472 0.432199999999994
