0.711100000000002 -0.5956 0.567099999999999 -0.5896 -0.591100000000001 0.498099999999997
-0.5956 1.15630000000001 -0.5812 0.543099999999999 0.0601000000000001 -0.5827
0.567099999999999 -0.5812 0.653500000000002 -0.575200000000001 -0.576700000000001 0.512499999999997
-0.5896 0.543099999999999 -0.575200000000001 1.13230000000001 0.0661000000000001 -0.5767
-0.591100000000001 0.0601000000000001 -0.576700000000001 0.0661000000000001 1.61980000000001 -0.578200000000001
0.498099999999997 -0.5827 0.512499999999997 -0.5767 -0.578200000000001 0.727000000000003
