0.318799999999995 0.193999999999998 -0.0112000000000002 0.173599999999999 -0.846399999999998 0.171199999999999
0.193999999999998 0.299599999999995 -0.00639999999999996 0.178399999999999 -0.841599999999999 0.175999999999999
-0.0112000000000002 -0.00639999999999996 0.760400000000008 -0.0088000000000001 -0.7228 -0.0112000000000001
0.173599999999999 0.178399999999999 -0.0088000000000001 0.255199999999996 -0.843999999999998 0.245599999999996
-0.846399999999998 -0.841599999999999 -0.7228 -0.843999999999998 4.10119999999999 -0.846399999999998
0.171199999999999 0.175999999999999 -0.0112000000000001 0.245599999999996 -0.846399999999998 0.264799999999996
