1.12850000000001 -0.1576 -0.1453 -0.517900000000001 -0.1588 -0.1489
-0.1576 0.314299999999995 0.126500000000002 -0.709599999999999 0.291499999999996 0.134900000000001
-0.1453 0.126500000000002 0.455599999999994 -0.697299999999999 0.125300000000002 0.135200000000001
-0.517900000000001 -0.709599999999999 -0.697299999999999 3.33649999999999 -0.710799999999999 -0.700899999999999
-0.1588 0.291499999999996 0.125300000000002 -0.710799999999999 0.319099999999995 0.133700000000001
-0.1489 0.134900000000001 0.135200000000001 -0.700899999999999 0.133700000000001 0.445999999999995
